350  .9807E00
351  .9729E00
352  .9956E00
353  .9638E00
354  .9812E00
355  .9645E00
356  .9726E00
357  .9585E00
358  .9758E00
359  .9623E00
360  .9702E00
361  .9716E00
362  .9702E00
363  .9810E00
364  .9688E00
365  .9615E00
366  .9632E00
367  .9728E00
368  .9633E00
369  .9687E00
370  .9685E00
371  .9577E00
372  .9598E00
373  .9563E00
374  .9587E00
375  .9596E00
376  .9572E00
377  .9594E00
378  .9606E00
379  .9557E00
380  .9602E00
381  .9596E00
382  .9552E00
383  .9600E00
384  .9585E00
385  .9538E00
386  .9548E00
387  .9529E00
388  .9543E00
389  .9533E00
390  .9471E00
391  .9467E00
392  .9488E00
393  .9481E00
394  .9475E00
395  .9482E00
396  .9498E00
397  .9489E00
398  .9481E00
399  .9483E00
400  .9481E00
401  .9481E00
402  .9481E00
403  .9488E00
404  .9492E00
405  .9480E00
406  .9488E00
407  .9494E00
408  .9482E00
409  .9494E00
410  .9496E00
411  .9498E00
412  .9499E00
413  .9494E00
414  .9495E00
415  .9494E00
416  .9487E00
417  .9487E00
418  .9489E00
419  .9491E00
420  .9501E00
421  .9498E00
422  .9493E00
423  .9505E00
424  .9495E00
425  .9482E00
426  .9500E00
427  .9499E00
428  .9502E00
429  .9500E00
430  .9500E00
431  .9502E00
432  .9500E00
433  .9509E00
434  .9501E00
435  .9500E00
436  .9503E00
437  .9500E00
438  .9505E00
439  .9506E00
440  .9508E00
441  .9502E00
442  .9503E00
443  .9507E00
444  .9505E00
445  .9507E00
446  .9505E00
447  .9505E00
448  .9504E00
449  .9501E00
450  .9495E00
451  .9499E00
452  .9501E00
453  .9501E00
454  .9504E00
455  .9499E00
456  .9497E00
457  .9499E00
458  .9503E00
459  .9496E00
460  .9499E00
461  .9501E00
462  .9501E00
463  .9499E00
464  .9501E00
465  .9501E00
466  .9503E00
467  .9501E00
468  .9499E00
469  .9496E00
470  .9505E00
471  .9497E00
472  .9501E00
473  .9497E00
474  .9501E00
475  .9501E00
476  .9501E00
477  .9498E00
478  .9498E00
479  .9497E00
480  .9499E00
481  .9499E00
482  .9498E00
483  .9498E00
484  .9497E00
485  .9496E00
486  .9495E00
487  .9491E00
488  .9493E00
489  .9490E00
490  .9489E00
491  .9487E00
492  .9483E00
493  .9480E00
494  .9477E00
495  .9472E00
496  .9469E00
497  .9462E00
498  .9457E00
499  .9452E00
500  .9443E00
501  .9436E00
502  .9428E00
503  .9415E00
504  .9405E00
505  .9390E00
506  .9377E00
507  .9362E00
508  .9342E00
509  .9323E00
510  .9298E00
511  .9274E00
512  .9244E00
513  .9212E00
514  .9178E00
515  .9142E00
516  .9105E00
517  .9063E00
518  .9021E00
519  .8978E00
520  .8933E00
521  .8888E00
522  .8843E00
523  .8798E00
524  .8755E00
525  .8711E00
526  .8672E00
527  .8634E00
528  .8598E00
529  .8566E00
530  .8535E00
531  .8508E00
532  .8482E00
533  .8459E00
534  .8438E00
535  .8421E00
536  .8405E00
537  .8391E00
538  .8378E00
539  .8367E00
540  .8356E00
541  .8345E00
542  .8337E00
543  .8330E00
544  .8323E00
545  .8315E00
546  .8305E00
547  .8297E00
548  .8292E00
549  .8282E00
550  .8277E00
551  .8273E00
552  .8270E00
553  .8267E00
554  .8265E00
555  .8269E00
556  .8274E00
557  .8282E00
558  .8293E00
559  .8316E00
560  .8331E00
561  .8350E00
562  .8373E00
563  .8396E00
564  .8421E00
565  .8450E00
566  .8478E00
567  .8507E00
568  .8538E00
569  .8569E00
570  .8599E00
571  .8630E00
572  .8660E00
573  .8687E00
574  .8715E00
575  .8741E00
576  .8765E00
577  .8789E00
578  .8810E00
579  .8830E00
580  .8849E00
581  .8867E00
582  .8883E00
583  .8899E00
584  .8914E00
585  .8928E00
586  .8941E00
587  .8953E00
588  .8965E00
589  .8976E00
590  .8986E00
591  .8994E00
592  .9002E00
593  .9011E00
594  .9018E00
595  .9025E00
596  .9031E00
597  .9038E00
598  .9044E00
599  .9050E00
600  .9056E00
601  .9061E00
602  .9067E00
603  .9074E00
604  .9082E00
605  .9089E00
606  .9096E00
607  .9104E00
608  .9114E00
609  .9122E00
610  .9131E00
611  .9141E00
612  .9150E00
613  .9160E00
614  .9168E00
615  .9178E00
616  .9186E00
617  .9194E00
618  .9201E00
619  .9209E00
620  .9216E00
621  .9222E00
622  .9226E00
623  .9231E00
624  .9236E00
625  .9238E00
626  .9240E00
627  .9242E00
628  .9244E00
629  .9245E00
630  .9246E00
631  .9249E00
632  .9252E00
633  .9255E00
634  .9262E00
635  .9267E00
636  .9276E00
637  .9285E00
638  .9297E00
639  .9308E00
640  .9321E00
641  .9333E00
642  .9346E00
643  .9359E00
644  .9371E00
645  .9382E00
646  .9393E00
647  .9402E00
648  .9411E00
649  .9417E00
650  .9424E00
651  .9428E00
652  .9432E00
653  .9436E00
654  .9439E00
655  .9441E00
656  .9444E00
657  .9447E00
658  .9450E00
659  .9453E00
660  .9457E00
661  .9460E00
662  .9463E00
663  .9466E00
664  .9470E00
665  .9472E00
666  .9475E00
667  .9476E00
668  .9476E00
669  .9477E00
670  .9477E00
671  .9476E00
672  .9476E00
673  .9473E00
674  .9471E00
675  .9468E00
676  .9465E00
677  .9462E00
678  .9457E00
679  .9449E00
680  .9443E00
681  .9437E00
682  .9429E00
683  .9421E00
684  .9411E00
685  .9400E00
686  .9383E00
687  .9364E00
688  .9340E00
689  .9307E00
690  .9266E00
691  .9216E00
692  .9153E00
693  .9078E00
694  .8988E00
695  .8885E00
696  .8764E00
697  .8629E00
698  .8471E00
699  .8312E00
700  .8135E00
701  .7961E00
702  .7762E00
703  .7587E00
704  .7382E00
705  .7208E00
706  .7011E00
707  .6806E00
708  .6615E00
709  .6419E00
710  .6228E00
711  .6031E00
712  .5846E00
713  .5664E00
714  .5479E00
715  .5287E00
716  .5110E00
717  .4907E00
718  .4719E00
719  .4544E00
720  .4341E00
721  .4160E00
722  .3983E00
723  .3808E00
724  .3635E00
725  .3471E00
726  .3307E00
727  .3149E00
728  .2991E00
729  .2838E00
730  .2691E00
731  .2552E00
732  .2420E00
733  .2292E00
734  .2172E00
735  .2058E00
736  .1945E00
737  .1841E00
738  .1742E00
739  .1644E00
740  .1554E00
741  .1470E00
742  .1395E00
743  .1326E00
744  .1259E00
745  .1195E00
746  .1137E00
747  .1084E00
748  .1037E00
749  .9947E-01
750  .9484E-01
751  .9094E-01
752  .8789E-01
753  .8512E-01
754  .8180E-01
755  .7976E-01
756  .7711E-01
757  .7480E-01
758  .7328E-01
759  .7125E-01
760  .6974E-01
761  .6882E-01
762  .6656E-01
763  .6485E-01
764  .6426E-01
765  .6368E-01
766  .6336E-01
767  .6189E-01
768  .6201E-01
769  .6105E-01
770  .6108E-01
771  .5980E-01
772  .5917E-01
773  .5905E-01
774  .5870E-01
775  .5876E-01
776  .5768E-01
777  .5757E-01
778  .5694E-01
779  .5690E-01
780  .5662E-01
781  .5681E-01
782  .5665E-01
783  .5644E-01
784  .5615E-01
785  .5609E-01
786  .5572E-01
787  .5589E-01
788  .5574E-01
789  .5575E-01
790  .5575E-01
791  .5537E-01
792  .5524E-01
793  .5516E-01
794  .5524E-01
795  .5484E-01
796  .5492E-01
797  .5467E-01
798  .5441E-01
799  .5424E-01
800  .5415E-01
801  .5432E-01
802  .5388E-01
803  .5405E-01
804  .5368E-01
805  .5363E-01
806  .5368E-01
807  .5315E-01
808  .5362E-01
809  .5383E-01
810  .5344E-01
811  .5356E-01
812  .5301E-01
813  .5304E-01
814  .5318E-01
815  .5295E-01
816  .5261E-01
817  .5292E-01
818  .5257E-01
819  .5232E-01
820  .5252E-01
821  .5253E-01
822  .5200E-01
823  .5165E-01
824  .5212E-01
825  .5154E-01
826  .5156E-01
827  .5134E-01
828  .5144E-01
829  .5131E-01
830  .5101E-01
831  .5099E-01
832  .5067E-01
833  .5063E-01
834  .5049E-01
835  .5046E-01
836  .5041E-01
837  .4976E-01
838  .4971E-01
839  .4983E-01
840  .4957E-01
841  .4924E-01
842  .4863E-01
843  .4899E-01
844  .4893E-01
845  .4866E-01
846  .4826E-01
847  .4808E-01
848  .4791E-01
849  .4794E-01
850  .4732E-01
851  .4692E-01
852  .4878E-01
853  .4864E-01
854  .4822E-01
855  .4837E-01
856  .4787E-01
857  .4774E-01
858  .4756E-01
859  .4906E-01
860  .4890E-01
861  .4875E-01
862  .4845E-01
863  .4826E-01
864  .4828E-01
865  .4817E-01
866  .4774E-01
867  .4794E-01
868  .4790E-01
869  .4785E-01
870  .4802E-01
871  .4793E-01
872  .4753E-01
873  .4742E-01
874  .4724E-01
875  .4704E-01
876  .4689E-01
877  .4701E-01
878  .4698E-01
879  .4680E-01
880  .4683E-01
881  .4654E-01
882  .4611E-01
883  .4668E-01
884  .4645E-01
885  .4582E-01
886  .4620E-01
887  .4613E-01
888  .4617E-01
889  .4561E-01
890  .4561E-01
891  .4574E-01
892  .4562E-01
893  .4555E-01
894  .4567E-01
895  .4556E-01
896  .4558E-01
897  .4536E-01
898  .4524E-01
899  .4530E-01
900  .4472E-01
901  .4500E-01
902  .4440E-01
903  .4477E-01
904  .4465E-01
905  .4469E-01
906  .4477E-01
907  .4501E-01
908  .4462E-01
909  .4445E-01
910  .4436E-01
911  .4440E-01
912  .4407E-01
913  .4428E-01
914  .4431E-01
915  .4393E-01
916  .4382E-01
917  .4397E-01
918  .4401E-01
919  .4413E-01
920  .4388E-01
921  .4391E-01
922  .4448E-01
923  .4428E-01
924  .4422E-01
925  .4390E-01
926  .4391E-01
927  .4405E-01
928  .4430E-01
929  .4407E-01
930  .4402E-01
931  .4463E-01
932  .4480E-01
933  .4489E-01
934  .4515E-01
935  .4527E-01
936  .5018E-01
937  .4271E-01
938  .4283E-01
939  .4288E-01
940  .4306E-01
941  .4292E-01
942  .4352E-01
943  .4332E-01
944  .4399E-01
945  .4437E-01
946  .4443E-01
947  .4530E-01
948  .4565E-01
949  .4614E-01
950  .4285E-01
951  .4912E-01
952  .4953E-01
953  .4948E-01
954  .5003E-01
955  .5067E-01
956  .5073E-01
957  .5138E-01
958  .5133E-01
959  .5191E-01
960  .5255E-01
961  .5237E-01
962  .5299E-01
963  .5258E-01
964  .5301E-01
965  .5284E-01
966  .5325E-01
967  .5220E-01
968  .5295E-01
969  .5252E-01
970  .5315E-01
971  .5328E-01
972  .5209E-01
973  .5224E-01
974  .5273E-01
975  .5282E-01
976  .5257E-01
977  .5299E-01
978  .5221E-01
979  .5205E-01
980  .5199E-01
981  .5102E-01
982  .5102E-01
983  .5070E-01
984  .5150E-01
985  .5104E-01
986  .5096E-01
987  .5049E-01
988  .4967E-01
989  .4994E-01
990  .5002E-01
991  .4982E-01
992  .4959E-01
993  .4941E-01
994  .4866E-01
995  .4823E-01
996  .4840E-01
997  .4808E-01
998  .4796E-01
999  .4750E-01
1000  .4739E-01
1001  .4700E-01
1002  .4648E-01
1003  .4674E-01
1004  .4607E-01
1005  .4632E-01
1006  .4564E-01
1007  .4530E-01
1008  .4600E-01
1009  .4230E-01
1010  .4196E-01
1011  .4199E-01
1012  .4152E-01
1013  .4123E-01
1014  .4097E-01
1015  .4033E-01
1016  .3982E-01
1017  .4004E-01
1018  .3947E-01
1019  .3927E-01
1020  .3906E-01
1021  .3848E-01
1022  .3859E-01
1023  .3798E-01
1024  .3772E-01
1025  .3731E-01
1026  .3712E-01
1027  .3697E-01
1028  .3677E-01
1029  .3667E-01
1030  .3644E-01
1031  .3560E-01
1032  .3606E-01
1033  .3548E-01
1034  .3505E-01
1035  .3503E-01
1036  .3430E-01
1037  .3429E-01
1038  .3444E-01
1039  .3392E-01
1040  .3374E-01
1041  .3303E-01
1042  .3305E-01
1043  .3317E-01
1044  .3253E-01
1045  .3354E-01
1046  .3441E-01
1047  .3296E-01
1048  .3268E-01
1049  .3181E-01
1050  .3096E-01
1051  .3172E-01
1052  .3157E-01
1053  .3099E-01
1054  .3064E-01
1055  .3000E-01
1056  .2841E-01
1057  .2845E-01
1058  .2868E-01
1059  .2838E-01
1060  .2798E-01
1061  .2762E-01
1062  .2615E-01
1063  .2702E-01
1064  .2780E-01
1065  .2928E-01
1066  .2829E-01
1067  .2902E-01
1068  .2762E-01
1069  .2736E-01
1070  .2777E-01
1071  .2873E-01
1072  .2798E-01
1073  .2839E-01
1074  .2813E-01
1075  .2670E-01
