350  .5213E-01
351  .5778E-01
352  .8439E-01
353  .7200E-01
354  .6793E-01
355  .6738E-01
356  .6977E-01
357  .7006E-01
358  .8207E-01
359  .7386E-01
360  .8424E-01
361  .7292E-01
362  .7371E-01
363  .7294E-01
364  .7847E-01
365  .8529E-01
366  .8049E-01
367  .8969E-01
368  .8877E-01
369  .8650E-01
370  .8824E-01
371  .8655E-01
372  .8811E-01
373  .8836E-01
374  .8886E-01
375  .9114E-01
376  .8865E-01
377  .1017E00
378  .1057E00
379  .1025E00
380  .1051E00
381  .1054E00
382  .1031E00
383  .1043E00
384  .1037E00
385  .1030E00
386  .1053E00
387  .1036E00
388  .1025E00
389  .1042E00
390  .1031E00
391  .1035E00
392  .1042E00
393  .1027E00
394  .1037E00
395  .1048E00
396  .1053E00
397  .1053E00
398  .1042E00
399  .1040E00
400  .1049E00
401  .1041E00
402  .1034E00
403  .1033E00
404  .1034E00
405  .1036E00
406  .1035E00
407  .1032E00
408  .1030E00
409  .1031E00
410  .1036E00
411  .1023E00
412  .1032E00
413  .1025E00
414  .1030E00
415  .1021E00
416  .1027E00
417  .1021E00
418  .1027E00
419  .1025E00
420  .1030E00
421  .1024E00
422  .1027E00
423  .1024E00
424  .1021E00
425  .1025E00
426  .1018E00
427  .1024E00
428  .1019E00
429  .1018E00
430  .1016E00
431  .1017E00
432  .1016E00
433  .1011E00
434  .1014E00
435  .1017E00
436  .1014E00
437  .1015E00
438  .1018E00
439  .1013E00
440  .1013E00
441  .1008E00
442  .1012E00
443  .1013E00
444  .1013E00
445  .1017E00
446  .1015E00
447  .1017E00
448  .1016E00
449  .1018E00
450  .1017E00
451  .1021E00
452  .1020E00
453  .1022E00
454  .1023E00
455  .1022E00
456  .1023E00
457  .1022E00
458  .1021E00
459  .1020E00
460  .1021E00
461  .1020E00
462  .1015E00
463  .1016E00
464  .1018E00
465  .1014E00
466  .1015E00
467  .1013E00
468  .1011E00
469  .1011E00
470  .1013E00
471  .1005E00
472  .1005E00
473  .1002E00
474  .1004E00
475  .1003E00
476  .1002E00
477  .1002E00
478  .1001E00
479  .1000E00
480  .9992E-01
481  .1001E00
482  .9994E-01
483  .9981E-01
484  .9991E-01
485  .1001E00
486  .1000E00
487  .1001E00
488  .1002E00
489  .1002E00
490  .1004E00
491  .1005E00
492  .1007E00
493  .1010E00
494  .1013E00
495  .1017E00
496  .1021E00
497  .1026E00
498  .1032E00
499  .1037E00
500  .1044E00
501  .1050E00
502  .1059E00
503  .1067E00
504  .1077E00
505  .1087E00
506  .1099E00
507  .1114E00
508  .1126E00
509  .1141E00
510  .1157E00
511  .1174E00
512  .1193E00
513  .1212E00
514  .1232E00
515  .1255E00
516  .1277E00
517  .1299E00
518  .1323E00
519  .1346E00
520  .1369E00
521  .1392E00
522  .1415E00
523  .1438E00
524  .1459E00
525  .1480E00
526  .1499E00
527  .1517E00
528  .1535E00
529  .1547E00
530  .1562E00
531  .1574E00
532  .1587E00
533  .1595E00
534  .1605E00
535  .1611E00
536  .1619E00
537  .1625E00
538  .1630E00
539  .1634E00
540  .1637E00
541  .1641E00
542  .1644E00
543  .1647E00
544  .1648E00
545  .1653E00
546  .1654E00
547  .1658E00
548  .1660E00
549  .1663E00
550  .1663E00
551  .1666E00
552  .1666E00
553  .1666E00
554  .1666E00
555  .1665E00
556  .1661E00
557  .1658E00
558  .1654E00
559  .1642E00
560  .1635E00
561  .1626E00
562  .1615E00
563  .1603E00
564  .1592E00
565  .1579E00
566  .1565E00
567  .1551E00
568  .1536E00
569  .1522E00
570  .1508E00
571  .1493E00
572  .1478E00
573  .1465E00
574  .1453E00
575  .1441E00
576  .1429E00
577  .1418E00
578  .1408E00
579  .1399E00
580  .1389E00
581  .1381E00
582  .1373E00
583  .1365E00
584  .1358E00
585  .1351E00
586  .1344E00
587  .1338E00
588  .1332E00
589  .1327E00
590  .1322E00
591  .1317E00
592  .1312E00
593  .1309E00
594  .1305E00
595  .1301E00
596  .1298E00
597  .1295E00
598  .1292E00
599  .1288E00
600  .1285E00
601  .1282E00
602  .1279E00
603  .1275E00
604  .1272E00
605  .1268E00
606  .1264E00
607  .1260E00
608  .1255E00
609  .1251E00
610  .1246E00
611  .1242E00
612  .1238E00
613  .1233E00
614  .1228E00
615  .1224E00
616  .1220E00
617  .1215E00
618  .1211E00
619  .1207E00
620  .1205E00
621  .1201E00
622  .1199E00
623  .1197E00
624  .1195E00
625  .1193E00
626  .1192E00
627  .1192E00
628  .1192E00
629  .1192E00
630  .1191E00
631  .1190E00
632  .1188E00
633  .1186E00
634  .1183E00
635  .1178E00
636  .1173E00
637  .1167E00
638  .1159E00
639  .1151E00
640  .1142E00
641  .1134E00
642  .1126E00
643  .1116E00
644  .1107E00
645  .1098E00
646  .1091E00
647  .1083E00
648  .1077E00
649  .1071E00
650  .1067E00
651  .1064E00
652  .1060E00
653  .1058E00
654  .1056E00
655  .1054E00
656  .1052E00
657  .1050E00
658  .1048E00
659  .1045E00
660  .1043E00
661  .1039E00
662  .1036E00
663  .1033E00
664  .1030E00
665  .1028E00
666  .1026E00
667  .1023E00
668  .1022E00
669  .1022E00
670  .1021E00
671  .1021E00
672  .1022E00
673  .1023E00
674  .1025E00
675  .1028E00
676  .1030E00
677  .1035E00
678  .1039E00
679  .1046E00
680  .1052E00
681  .1059E00
682  .1068E00
683  .1080E00
684  .1092E00
685  .1106E00
686  .1123E00
687  .1143E00
688  .1168E00
689  .1195E00
690  .1229E00
691  .1268E00
692  .1309E00
693  .1360E00
694  .1411E00
695  .1472E00
696  .1537E00
697  .1605E00
698  .1678E00
699  .1753E00
700  .1829E00
701  .1900E00
702  .1981E00
703  .2062E00
704  .2133E00
705  .2216E00
706  .2288E00
707  .2368E00
708  .2436E00
709  .2530E00
710  .2604E00
711  .2679E00
712  .2748E00
713  .2819E00
714  .2886E00
715  .2961E00
716  .3030E00
717  .3099E00
718  .3170E00
719  .3239E00
720  .3308E00
721  .3376E00
722  .3443E00
723  .3508E00
724  .3572E00
725  .3635E00
726  .3695E00
727  .3754E00
728  .3814E00
729  .3869E00
730  .3924E00
731  .3979E00
732  .4028E00
733  .4077E00
734  .4120E00
735  .4162E00
736  .4205E00
737  .4243E00
738  .4284E00
739  .4317E00
740  .4351E00
741  .4382E00
742  .4410E00
743  .4433E00
744  .4459E00
745  .4482E00
746  .4505E00
747  .4519E00
748  .4537E00
749  .4551E00
750  .4566E00
751  .4579E00
752  .4590E00
753  .4597E00
754  .4608E00
755  .4610E00
756  .4622E00
757  .4628E00
758  .4631E00
759  .4635E00
760  .4640E00
761  .4643E00
762  .4651E00
763  .4653E00
764  .4653E00
765  .4653E00
766  .4652E00
767  .4653E00
768  .4654E00
769  .4656E00
770  .4653E00
771  .4655E00
772  .4653E00
773  .4655E00
774  .4654E00
775  .4653E00
776  .4655E00
777  .4653E00
778  .4652E00
779  .4654E00
780  .4650E00
781  .4651E00
782  .4649E00
783  .4647E00
784  .4647E00
785  .4647E00
786  .4645E00
787  .4645E00
788  .4643E00
789  .4644E00
790  .4642E00
791  .4641E00
792  .4642E00
793  .4642E00
794  .4640E00
795  .4641E00
796  .4639E00
797  .4640E00
798  .4641E00
799  .4636E00
800  .4636E00
801  .4634E00
802  .4634E00
803  .4632E00
804  .4633E00
805  .4632E00
806  .4630E00
807  .4631E00
808  .4631E00
809  .4631E00
810  .4629E00
811  .4628E00
812  .4629E00
813  .4628E00
814  .4627E00
815  .4625E00
816  .4627E00
817  .4624E00
818  .4626E00
819  .4625E00
820  .4622E00
821  .4625E00
822  .4622E00
823  .4624E00
824  .4623E00
825  .4623E00
826  .4621E00
827  .4624E00
828  .4623E00
829  .4620E00
830  .4619E00
831  .4620E00
832  .4621E00
833  .4618E00
834  .4619E00
835  .4618E00
836  .4619E00
837  .4620E00
838  .4618E00
839  .4616E00
840  .4615E00
841  .4617E00
842  .4615E00
843  .4617E00
844  .4616E00
845  .4615E00
846  .4615E00
847  .4617E00
848  .4615E00
849  .4616E00
850  .4599E00
851  .4595E00
852  .4596E00
853  .4595E00
854  .4597E00
855  .4596E00
856  .4595E00
857  .4592E00
858  .4593E00
859  .4594E00
860  .4595E00
861  .4592E00
862  .4594E00
863  .4593E00
864  .4592E00
865  .4591E00
866  .4593E00
867  .4592E00
868  .4590E00
869  .4589E00
870  .4588E00
871  .4589E00
872  .4588E00
873  .4589E00
874  .4589E00
875  .4588E00
876  .4587E00
877  .4585E00
878  .4585E00
879  .4586E00
880  .4581E00
881  .4584E00
882  .4585E00
883  .4582E00
884  .4582E00
885  .4583E00
886  .4580E00
887  .4580E00
888  .4579E00
889  .4581E00
890  .4580E00
891  .4580E00
892  .4578E00
893  .4580E00
894  .4577E00
895  .4577E00
896  .4576E00
897  .4573E00
898  .4576E00
899  .4571E00
900  .4573E00
901  .4574E00
902  .4575E00
903  .4574E00
904  .4575E00
905  .4572E00
906  .4572E00
907  .4570E00
908  .4568E00
909  .4569E00
910  .4573E00
911  .4568E00
912  .4569E00
913  .4568E00
914  .4570E00
915  .4567E00
916  .4570E00
917  .4567E00
918  .4568E00
919  .4564E00
920  .4566E00
921  .4565E00
922  .4559E00
923  .4560E00
924  .4561E00
925  .4559E00
926  .4558E00
927  .4559E00
928  .4557E00
929  .4557E00
930  .4556E00
931  .4552E00
932  .4550E00
933  .4548E00
934  .4544E00
935  .4546E00
936  .4524E00
937  .4557E00
938  .4557E00
939  .4555E00
940  .4555E00
941  .4555E00
942  .4554E00
943  .4553E00
944  .4548E00
945  .4548E00
946  .4542E00
947  .4544E00
948  .4541E00
949  .4540E00
950  .4553E00
951  .4517E00
952  .4510E00
953  .4515E00
954  .4509E00
955  .4507E00
956  .4506E00
957  .4501E00
958  .4502E00
959  .4497E00
960  .4499E00
961  .4498E00
962  .4491E00
963  .4495E00
964  .4492E00
965  .4493E00
966  .4492E00
967  .4489E00
968  .4490E00
969  .4491E00
970  .4485E00
971  .4487E00
972  .4489E00
973  .4488E00
974  .4491E00
975  .4483E00
976  .4484E00
977  .4485E00
978  .4488E00
979  .4485E00
980  .4485E00
981  .4490E00
982  .4488E00
983  .4490E00
984  .4487E00
985  .4488E00
986  .4489E00
987  .4485E00
988  .4490E00
989  .4491E00
990  .4488E00
991  .4489E00
992  .4488E00
993  .4489E00
994  .4491E00
995  .4494E00
996  .4494E00
997  .4495E00
998  .4496E00
999  .4497E00
1000  .4498E00
1001  .4499E00
1002  .4501E00
1003  .4497E00
1004  .4499E00
1005  .4500E00
1006  .4504E00
1007  .4500E00
1008  .4500E00
1009  .4516E00
1010  .4517E00
1011  .4518E00
1012  .4520E00
1013  .4519E00
1014  .4519E00
1015  .4523E00
1016  .4523E00
1017  .4524E00
1018  .4525E00
1019  .4525E00
1020  .4526E00
1021  .4527E00
1022  .4529E00
1023  .4524E00
1024  .4531E00
1025  .4528E00
1026  .4529E00
1027  .4530E00
1028  .4533E00
1029  .4536E00
1030  .4536E00
1031  .4536E00
1032  .4537E00
1033  .4535E00
1034  .4535E00
1035  .4538E00
1036  .4539E00
1037  .4541E00
1038  .4541E00
1039  .4539E00
1040  .4540E00
1041  .4540E00
1042  .4541E00
1043  .4542E00
1044  .4545E00
1045  .4545E00
1046  .4535E00
1047  .4530E00
1048  .4540E00
1049  .4546E00
1050  .4547E00
1051  .4541E00
1052  .4547E00
1053  .4542E00
1054  .4547E00
1055  .4548E00
1056  .4561E00
1057  .4560E00
1058  .4564E00
1059  .4568E00
1060  .4561E00
1061  .4562E00
1062  .4557E00
1063  .4555E00
1064  .4554E00
1065  .4542E00
1066  .4550E00
1067  .4551E00
1068  .4553E00
1069  .4552E00
1070  .4555E00
1071  .4544E00
1072  .4553E00
1073  .4543E00
1074  .4546E00
1075  .4556E00
