350  .3349E-01
351  .3153E-01
352  .2118E-01
353  .4016E-01
354  .3007E-01
355  .3546E-01
356  .3061E-01
357  .5414E-01
358  .2719E-01
359  .4335E-01
360  .3243E-01
361  .4134E-01
362  .3465E-01
363  .2836E-01
364  .3341E-01
365  .3419E-01
366  .4277E-01
367  .3475E-01
368  .3846E-01
369  .3646E-01
370  .3471E-01
371  .4225E-01
372  .3863E-01
373  .4366E-01
374  .4388E-01
375  .3904E-01
376  .4275E-01
377  .4274E-01
378  .4034E-01
379  .4527E-01
380  .4249E-01
381  .4032E-01
382  .4472E-01
383  .3997E-01
384  .4217E-01
385  .4687E-01
386  .4515E-01
387  .4644E-01
388  .4624E-01
389  .4724E-01
390  .5226E-01
391  .5171E-01
392  .5109E-01
393  .5231E-01
394  .5161E-01
395  .5137E-01
396  .5089E-01
397  .5259E-01
398  .5076E-01
399  .5162E-01
400  .5179E-01
401  .5082E-01
402  .5122E-01
403  .5050E-01
404  .5017E-01
405  .5138E-01
406  .5060E-01
407  .5053E-01
408  .5026E-01
409  .5010E-01
410  .4988E-01
411  .4968E-01
412  .4942E-01
413  .4936E-01
414  .5003E-01
415  .4953E-01
416  .4991E-01
417  .4993E-01
418  .5030E-01
419  .4996E-01
420  .4933E-01
421  .4983E-01
422  .4939E-01
423  .4913E-01
424  .4983E-01
425  .4906E-01
426  .4896E-01
427  .4917E-01
428  .4920E-01
429  .4915E-01
430  .4914E-01
431  .4913E-01
432  .4927E-01
433  .4865E-01
434  .4902E-01
435  .4936E-01
436  .4895E-01
437  .4915E-01
438  .4862E-01
439  .4864E-01
440  .4884E-01
441  .4868E-01
442  .4883E-01
443  .4845E-01
444  .4857E-01
445  .4829E-01
446  .4865E-01
447  .4860E-01
448  .4855E-01
449  .4872E-01
450  .4897E-01
451  .4884E-01
452  .4851E-01
453  .4865E-01
454  .4842E-01
455  .4853E-01
456  .4856E-01
457  .4841E-01
458  .4847E-01
459  .4864E-01
460  .4870E-01
461  .4831E-01
462  .4828E-01
463  .4850E-01
464  .4820E-01
465  .4832E-01
466  .4821E-01
467  .4828E-01
468  .4826E-01
469  .4844E-01
470  .4770E-01
471  .4825E-01
472  .4802E-01
473  .4830E-01
474  .4808E-01
475  .4802E-01
476  .4804E-01
477  .4782E-01
478  .4811E-01
479  .4814E-01
480  .4794E-01
481  .4794E-01
482  .4790E-01
483  .4787E-01
484  .4798E-01
485  .4802E-01
486  .4815E-01
487  .4826E-01
488  .4808E-01
489  .4816E-01
490  .4818E-01
491  .4827E-01
492  .4840E-01
493  .4852E-01
494  .4851E-01
495  .4869E-01
496  .4858E-01
497  .4898E-01
498  .4920E-01
499  .4933E-01
500  .4967E-01
501  .4977E-01
502  .5009E-01
503  .5053E-01
504  .5100E-01
505  .5144E-01
506  .5193E-01
507  .5242E-01
508  .5318E-01
509  .5388E-01
510  .5488E-01
511  .5580E-01
512  .5693E-01
513  .5828E-01
514  .5964E-01
515  .6110E-01
516  .6270E-01
517  .6455E-01
518  .6628E-01
519  .6805E-01
520  .7007E-01
521  .7208E-01
522  .7408E-01
523  .7608E-01
524  .7792E-01
525  .7997E-01
526  .8168E-01
527  .8338E-01
528  .8499E-01
529  .8657E-01
530  .8789E-01
531  .8915E-01
532  .9025E-01
533  .9134E-01
534  .9218E-01
535  .9299E-01
536  .9368E-01
537  .9421E-01
538  .9481E-01
539  .9539E-01
540  .9581E-01
541  .9629E-01
542  .9652E-01
543  .9682E-01
544  .9716E-01
545  .9751E-01
546  .9799E-01
547  .9827E-01
548  .9844E-01
549  .9888E-01
550  .9905E-01
551  .9924E-01
552  .9939E-01
553  .9926E-01
554  .9934E-01
555  .9921E-01
556  .9881E-01
557  .9836E-01
558  .9774E-01
559  .9660E-01
560  .9572E-01
561  .9478E-01
562  .9363E-01
563  .9246E-01
564  .9130E-01
565  .8988E-01
566  .8848E-01
567  .8707E-01
568  .8564E-01
569  .8413E-01
570  .8267E-01
571  .8123E-01
572  .7978E-01
573  .7854E-01
574  .7722E-01
575  .7598E-01
576  .7494E-01
577  .7388E-01
578  .7286E-01
579  .7192E-01
580  .7111E-01
581  .7024E-01
582  .6955E-01
583  .6880E-01
584  .6813E-01
585  .6750E-01
586  .6695E-01
587  .6644E-01
588  .6595E-01
589  .6541E-01
590  .6498E-01
591  .6462E-01
592  .6426E-01
593  .6385E-01
594  .6361E-01
595  .6332E-01
596  .6307E-01
597  .6273E-01
598  .6248E-01
599  .6221E-01
600  .6200E-01
601  .6173E-01
602  .6147E-01
603  .6118E-01
604  .6086E-01
605  .6057E-01
606  .6023E-01
607  .5990E-01
608  .5957E-01
609  .5916E-01
610  .5882E-01
611  .5837E-01
612  .5806E-01
613  .5765E-01
614  .5731E-01
615  .5691E-01
616  .5657E-01
617  .5623E-01
618  .5595E-01
619  .5563E-01
620  .5540E-01
621  .5512E-01
622  .5492E-01
623  .5479E-01
624  .5458E-01
625  .5446E-01
626  .5438E-01
627  .5427E-01
628  .5418E-01
629  .5414E-01
630  .5408E-01
631  .5396E-01
632  .5385E-01
633  .5371E-01
634  .5347E-01
635  .5327E-01
636  .5301E-01
637  .5267E-01
638  .5223E-01
639  .5190E-01
640  .5150E-01
641  .5109E-01
642  .5074E-01
643  .5031E-01
644  .4999E-01
645  .4971E-01
646  .4940E-01
647  .4910E-01
648  .4885E-01
649  .4873E-01
650  .4855E-01
651  .4844E-01
652  .4836E-01
653  .4826E-01
654  .4822E-01
655  .4824E-01
656  .4811E-01
657  .4813E-01
658  .4802E-01
659  .4795E-01
660  .4791E-01
661  .4792E-01
662  .4788E-01
663  .4791E-01
664  .4781E-01
665  .4784E-01
666  .4785E-01
667  .4798E-01
668  .4812E-01
669  .4815E-01
670  .4828E-01
671  .4847E-01
672  .4861E-01
673  .4889E-01
674  .4910E-01
675  .4935E-01
676  .4963E-01
677  .4998E-01
678  .5033E-01
679  .5085E-01
680  .5132E-01
681  .5172E-01
682  .5219E-01
683  .5262E-01
684  .5312E-01
685  .5356E-01
686  .5419E-01
687  .5483E-01
688  .5564E-01
689  .5671E-01
690  .5810E-01
691  .5978E-01
692  .6197E-01
693  .6492E-01
694  .6818E-01
695  .7257E-01
696  .7754E-01
697  .8320E-01
698  .9018E-01
699  .9768E-01
700  .1056E00
701  .1138E00
702  .1232E00
703  .1315E00
704  .1416E00
705  .1504E00
706  .1598E00
707  .1698E00
708  .1795E00
709  .1894E00
710  .1992E00
711  .2090E00
712  .2184E00
713  .2279E00
714  .2374E00
715  .2473E00
716  .2559E00
717  .2673E00
718  .2770E00
719  .2865E00
720  .2959E00
721  .3053E00
722  .3146E00
723  .3235E00
724  .3325E00
725  .3409E00
726  .3496E00
727  .3578E00
728  .3661E00
729  .3740E00
730  .3817E00
731  .3889E00
732  .3957E00
733  .4023E00
734  .4083E00
735  .4141E00
736  .4201E00
737  .4254E00
738  .4305E00
739  .4355E00
740  .4400E00
741  .4442E00
742  .4480E00
743  .4515E00
744  .4547E00
745  .4581E00
746  .4611E00
747  .4638E00
748  .4659E00
749  .4680E00
750  .4702E00
751  .4721E00
752  .4734E00
753  .4746E00
754  .4762E00
755  .4772E00
756  .4783E00
757  .4795E00
758  .4802E00
759  .4812E00
760  .4817E00
761  .4822E00
762  .4831E00
763  .4839E00
764  .4842E00
765  .4842E00
766  .4841E00
767  .4848E00
768  .4845E00
769  .4848E00
770  .4848E00
771  .4854E00
772  .4857E00
773  .4855E00
774  .4856E00
775  .4853E00
776  .4857E00
777  .4856E00
778  .4859E00
779  .4857E00
780  .4858E00
781  .4855E00
782  .4855E00
783  .4855E00
784  .4857E00
785  .4856E00
786  .4857E00
787  .4855E00
788  .4854E00
789  .4852E00
790  .4852E00
791  .4854E00
792  .4853E00
793  .4853E00
794  .4853E00
795  .4851E00
796  .4852E00
797  .4851E00
798  .4853E00
799  .4853E00
800  .4853E00
801  .4851E00
802  .4851E00
803  .4849E00
804  .4851E00
805  .4850E00
806  .4850E00
807  .4851E00
808  .4848E00
809  .4845E00
810  .4848E00
811  .4848E00
812  .4847E00
813  .4848E00
814  .4846E00
815  .4845E00
816  .4848E00
817  .4844E00
818  .4846E00
819  .4845E00
820  .4846E00
821  .4844E00
822  .4845E00
823  .4847E00
824  .4844E00
825  .4846E00
826  .4845E00
827  .4846E00
828  .4844E00
829  .4846E00
830  .4844E00
831  .4845E00
832  .4844E00
833  .4845E00
834  .4843E00
835  .4844E00
836  .4845E00
837  .4844E00
838  .4847E00
839  .4845E00
840  .4846E00
841  .4848E00
842  .4849E00
843  .4849E00
844  .4846E00
845  .4848E00
846  .4849E00
847  .4850E00
848  .4849E00
849  .4849E00
850  .4851E00
851  .4849E00
852  .4851E00
853  .4852E00
854  .4853E00
855  .4851E00
856  .4855E00
857  .4855E00
858  .4856E00
859  .4838E00
860  .4839E00
861  .4840E00
862  .4840E00
863  .4840E00
864  .4840E00
865  .4839E00
866  .4842E00
867  .4840E00
868  .4839E00
869  .4840E00
870  .4839E00
871  .4836E00
872  .4840E00
873  .4839E00
874  .4839E00
875  .4840E00
876  .4841E00
877  .4840E00
878  .4840E00
879  .4839E00
880  .4839E00
881  .4839E00
882  .4842E00
883  .4839E00
884  .4839E00
885  .4843E00
886  .4840E00
887  .4839E00
888  .4841E00
889  .4840E00
890  .4840E00
891  .4838E00
892  .4839E00
893  .4838E00
894  .4839E00
895  .4840E00
896  .4838E00
897  .4840E00
898  .4841E00
899  .4840E00
900  .4839E00
901  .4840E00
902  .4841E00
903  .4838E00
904  .4839E00
905  .4840E00
906  .4838E00
907  .4834E00
908  .4838E00
909  .4838E00
910  .4836E00
911  .4838E00
912  .4838E00
913  .4838E00
914  .4835E00
915  .4837E00
916  .4839E00
917  .4836E00
918  .4837E00
919  .4836E00
920  .4835E00
921  .4835E00
922  .4834E00
923  .4835E00
924  .4833E00
925  .4834E00
926  .4833E00
927  .4832E00
928  .4831E00
929  .4830E00
930  .4832E00
931  .4828E00
932  .4828E00
933  .4828E00
934  .4826E00
935  .4824E00
936  .4801E00
937  .4836E00
938  .4835E00
939  .4833E00
940  .4831E00
941  .4834E00
942  .4827E00
943  .4828E00
944  .4825E00
945  .4822E00
946  .4822E00
947  .4814E00
948  .4814E00
949  .4809E00
950  .4824E00
951  .4800E00
952  .4799E00
953  .4796E00
954  .4796E00
955  .4788E00
956  .4788E00
957  .4784E00
958  .4785E00
959  .4783E00
960  .4777E00
961  .4781E00
962  .4776E00
963  .4778E00
964  .4776E00
965  .4775E00
966  .4773E00
967  .4779E00
968  .4775E00
969  .4777E00
970  .4774E00
971  .4771E00
972  .4779E00
973  .4780E00
974  .4774E00
975  .4774E00
976  .4775E00
977  .4774E00
978  .4777E00
979  .4780E00
980  .4775E00
981  .4781E00
982  .4779E00
983  .4782E00
984  .4775E00
985  .4780E00
986  .4779E00
987  .4782E00
988  .4784E00
989  .4782E00
990  .4784E00
991  .4783E00
992  .4784E00
993  .4786E00
994  .4790E00
995  .4790E00
996  .4788E00
997  .4790E00
998  .4788E00
999  .4790E00
1000  .4792E00
1001  .4794E00
1002  .4796E00
1003  .4797E00
1004  .4801E00
1005  .4794E00
1006  .4798E00
1007  .4803E00
1008  .4799E00
1009  .4814E00
1010  .4814E00
1011  .4813E00
1012  .4818E00
1013  .4816E00
1014  .4819E00
1015  .4823E00
1016  .4822E00
1017  .4824E00
1018  .4826E00
1019  .4827E00
1020  .4826E00
1021  .4827E00
1022  .4825E00
1023  .4832E00
1024  .4830E00
1025  .4831E00
1026  .4834E00
1027  .4834E00
1028  .4834E00
1029  .4835E00
1030  .4835E00
1031  .4841E00
1032  .4836E00
1033  .4839E00
1034  .4844E00
1035  .4843E00
1036  .4844E00
1037  .4847E00
1038  .4842E00
1039  .4846E00
1040  .4847E00
1041  .4851E00
1042  .4851E00
1043  .4851E00
1044  .4852E00
1045  .4840E00
1046  .4846E00
1047  .4853E00
1048  .4852E00
1049  .4853E00
1050  .4857E00
1051  .4857E00
1052  .4857E00
1053  .4860E00
1054  .4855E00
1055  .4862E00
1056  .4865E00
1057  .4868E00
1058  .4864E00
1059  .4867E00
1060  .4869E00
1061  .4874E00
1062  .4886E00
1063  .4878E00
1064  .4873E00
1065  .4866E00
1066  .4865E00
1067  .4859E00
1068  .4870E00
1069  .4870E00
1070  .4868E00
1071  .4862E00
1072  .4867E00
1073  .4863E00
1074  .4869E00
1075  .4877E00
