350  .9570E-02
351  .9008E-02
352 -.1694E-01
353 -.4015E-02
354  .3759E-02
355  .7091E-02
356 -.3400E-02
357 -.6368E-02
358 -.6041E-02
359 -.8668E-02
360  .5405E-02
361  .1292E-01
362 -.2475E-02
363 -.4727E-02
364  .0000E00
365  .4273E-02
366 -.2036E-02
367  .3860E-02
368  .0000E00
369  .0000E00
370  .3305E-02
371  .6260E-02
372  .4457E-02
373  .1408E-02
374  .1329E-02
375  .3778E-02
376  .1187E-02
377 -.1124E-02
378  .2123E-02
379  .3018E-02
380 -.9441E-03
381  .1792E-02
382  .4219E-02
383  .3197E-02
384  .3011E-02
385  .2840E-02
386  .2021E-02
387  .2544E-02
388  .2402E-02
389  .6260E-02
390  .3771E-02
391  .2048E-02
392  .4866E-02
393  .2777E-02
394  .4411E-02
395  .4210E-02
396  .4442E-02
397  .3480E-02
398  .4446E-02
399  .4271E-02
400  .4088E-02
401  .3606E-02
402  .4085E-02
403  .3931E-02
404  .3190E-02
405  .3630E-02
406  .2945E-02
407  .4125E-02
408  .3466E-02
409  .3817E-02
410  .3448E-02
411  .3548E-02
412  .2995E-02
413  .3732E-02
414  .3214E-02
415  .3496E-02
416  .3201E-02
417  .2926E-02
418  .3021E-02
419  .3069E-02
420  .2969E-02
421  .2715E-02
422  .2951E-02
423  .3023E-02
424  .2801E-02
425  .3165E-02
426  .2954E-02
427  .3030E-02
428  .2838E-02
429  .2524E-02
430  .2744E-02
431  .2450E-02
432  .2800E-02
433  .2640E-02
434  .2736E-02
435  .2954E-02
436  .3044E-02
437  .2770E-02
438  .2860E-02
439  .2944E-02
440  .3030E-02
441  .3115E-02
442  .3423E-02
443  .2943E-02
444  .2916E-02
445  .3671E-02
446  .3419E-02
447  .3283E-02
448  .3367E-02
449  .3772E-02
450  .4063E-02
451  .3814E-02
452  .4305E-02
453  .4365E-02
454  .4626E-02
455  .4873E-02
456  .5006E-02
457  .5226E-02
458  .4750E-02
459  .5521E-02
460  .5225E-02
461  .5388E-02
462  .5265E-02
463  .5311E-02
464  .5346E-02
465  .5368E-02
466  .5463E-02
467  .5468E-02
468  .5843E-02
469  .5530E-02
470  .5578E-02
471  .5672E-02
472  .5749E-02
473  .5848E-02
474  .5867E-02
475  .6250E-02
476  .6312E-02
477  .6488E-02
478  .6596E-02
479  .6473E-02
480  .6686E-02
481  .6781E-02
482  .6813E-02
483  .6738E-02
484  .7015E-02
485  .7097E-02
486  .7172E-02
487  .7390E-02
488  .7500E-02
489  .7692E-02
490  .7887E-02
491  .8198E-02
492  .8616E-02
493  .9032E-02
494  .9431E-02
495  .9973E-02
496  .1042E-01
497  .1128E-01
498  .1184E-01
499  .1289E-01
500  .1360E-01
501  .1486E-01
502  .1599E-01
503  .1734E-01
504  .1892E-01
505  .2062E-01
506  .2233E-01
507  .2433E-01
508  .2664E-01
509  .2893E-01
510  .3166E-01
511  .3442E-01
512  .3750E-01
513  .4059E-01
514  .4399E-01
515  .4775E-01
516  .5147E-01
517  .5527E-01
518  .5913E-01
519  .6310E-01
520  .6689E-01
521  .7084E-01
522  .7485E-01
523  .7859E-01
524  .8215E-01
525  .8565E-01
526  .8890E-01
527  .9185E-01
528  .9460E-01
529  .9710E-01
530  .9977E-01
531  .1021E00
532  .1041E00
533  .1060E00
534  .1074E00
535  .1091E00
536  .1102E00
537  .1115E00
538  .1127E00
539  .1136E00
540  .1144E00
541  .1153E00
542  .1159E00
543  .1167E00
544  .1173E00
545  .1181E00
546  .1188E00
547  .1193E00
548  .1200E00
549  .1207E00
550  .1213E00
551  .1218E00
552  .1221E00
553  .1222E00
554  .1226E00
555  .1224E00
556  .1223E00
557  .1219E00
558  .1211E00
559  .1197E00
560  .1186E00
561  .1173E00
562  .1158E00
563  .1142E00
564  .1125E00
565  .1105E00
566  .1083E00
567  .1063E00
568  .1041E00
569  .1016E00
570  .9949E-01
571  .9715E-01
572  .9491E-01
573  .9274E-01
574  .9050E-01
575  .8855E-01
576  .8660E-01
577  .8464E-01
578  .8302E-01
579  .8131E-01
580  .7981E-01
581  .7830E-01
582  .7690E-01
583  .7558E-01
584  .7432E-01
585  .7307E-01
586  .7204E-01
587  .7088E-01
588  .6995E-01
589  .6896E-01
590  .6810E-01
591  .6733E-01
592  .6650E-01
593  .6581E-01
594  .6517E-01
595  .6452E-01
596  .6398E-01
597  .6349E-01
598  .6287E-01
599  .6233E-01
600  .6181E-01
601  .6123E-01
602  .6067E-01
603  .6010E-01
604  .5933E-01
605  .5873E-01
606  .5793E-01
607  .5721E-01
608  .5638E-01
609  .5547E-01
610  .5455E-01
611  .5368E-01
612  .5268E-01
613  .5179E-01
614  .5096E-01
615  .5010E-01
616  .4918E-01
617  .4837E-01
618  .4753E-01
619  .4672E-01
620  .4614E-01
621  .4548E-01
622  .4495E-01
623  .4449E-01
624  .4416E-01
625  .4388E-01
626  .4363E-01
627  .4351E-01
628  .4334E-01
629  .4325E-01
630  .4312E-01
631  .4293E-01
632  .4257E-01
633  .4217E-01
634  .4159E-01
635  .4085E-01
636  .3993E-01
637  .3872E-01
638  .3742E-01
639  .3606E-01
640  .3452E-01
641  .3293E-01
642  .3131E-01
643  .2968E-01
644  .2804E-01
645  .2654E-01
646  .2510E-01
647  .2375E-01
648  .2250E-01
649  .2146E-01
650  .2055E-01
651  .1977E-01
652  .1911E-01
653  .1852E-01
654  .1809E-01
655  .1758E-01
656  .1708E-01
657  .1655E-01
658  .1599E-01
659  .1537E-01
660  .1472E-01
661  .1407E-01
662  .1339E-01
663  .1261E-01
664  .1198E-01
665  .1127E-01
666  .1073E-01
667  .1014E-01
668  .9623E-02
669  .9228E-02
670  .8831E-02
671  .8576E-02
672  .8332E-02
673  .8202E-02
674  .7957E-02
675  .7987E-02
676  .7920E-02
677  .8016E-02
678  .8082E-02
679  .8358E-02
680  .8600E-02
681  .9008E-02
682  .9515E-02
683  .1034E-01
684  .1143E-01
685  .1279E-01
686  .1476E-01
687  .1723E-01
688  .2042E-01
689  .2442E-01
690  .2958E-01
691  .3534E-01
692  .4213E-01
693  .5002E-01
694  .5869E-01
695  .6874E-01
696  .7938E-01
697  .9182E-01
698  .1044E00
699  .1174E00
700  .1301E00
701  .1427E00
702  .1554E00
703  .1675E00
704  .1799E00
705  .1922E00
706  .2034E00
707  .2160E00
708  .2272E00
709  .2391E00
710  .2495E00
711  .2624E00
712  .2726E00
713  .2828E00
714  .2926E00
715  .3028E00
716  .3129E00
717  .3226E00
718  .3324E00
719  .3420E00
720  .3514E00
721  .3608E00
722  .3698E00
723  .3783E00
724  .3870E00
725  .3951E00
726  .4036E00
727  .4113E00
728  .4191E00
729  .4269E00
730  .4340E00
731  .4413E00
732  .4472E00
733  .4536E00
734  .4592E00
735  .4648E00
736  .4702E00
737  .4750E00
738  .4803E00
739  .4848E00
740  .4889E00
741  .4931E00
742  .4964E00
743  .5000E00
744  .5028E00
745  .5064E00
746  .5091E00
747  .5118E00
748  .5144E00
749  .5162E00
750  .5185E00
751  .5204E00
752  .5218E00
753  .5230E00
754  .5247E00
755  .5259E00
756  .5273E00
757  .5285E00
758  .5294E00
759  .5303E00
760  .5313E00
761  .5320E00
762  .5330E00
763  .5342E00
764  .5341E00
765  .5347E00
766  .5346E00
767  .5354E00
768  .5357E00
769  .5361E00
770  .5363E00
771  .5373E00
772  .5377E00
773  .5376E00
774  .5379E00
775  .5377E00
776  .5385E00
777  .5390E00
778  .5391E00
779  .5393E00
780  .5395E00
781  .5396E00
782  .5398E00
783  .5400E00
784  .5400E00
785  .5403E00
786  .5405E00
787  .5407E00
788  .5408E00
789  .5409E00
790  .5410E00
791  .5411E00
792  .5414E00
793  .5414E00
794  .5417E00
795  .5419E00
796  .5418E00
797  .5422E00
798  .5424E00
799  .5426E00
800  .5426E00
801  .5428E00
802  .5429E00
803  .5433E00
804  .5431E00
805  .5432E00
806  .5433E00
807  .5436E00
808  .5437E00
809  .5436E00
810  .5437E00
811  .5440E00
812  .5443E00
813  .5444E00
814  .5444E00
815  .5446E00
816  .5449E00
817  .5449E00
818  .5451E00
819  .5449E00
820  .5454E00
821  .5453E00
822  .5455E00
823  .5458E00
824  .5458E00
825  .5458E00
826  .5460E00
827  .5461E00
828  .5462E00
829  .5464E00
830  .5466E00
831  .5466E00
832  .5468E00
833  .5468E00
834  .5470E00
835  .5473E00
836  .5473E00
837  .5476E00
838  .5479E00
839  .5480E00
840  .5481E00
841  .5481E00
842  .5484E00
843  .5486E00
844  .5486E00
845  .5486E00
846  .5489E00
847  .5492E00
848  .5492E00
849  .5493E00
850  .5497E00
851  .5496E00
852  .5497E00
853  .5497E00
854  .5500E00
855  .5502E00
856  .5507E00
857  .5507E00
858  .5504E00
859  .5511E00
860  .5510E00
861  .5511E00
862  .5513E00
863  .5516E00
864  .5516E00
865  .5518E00
866  .5521E00
867  .5521E00
868  .5523E00
869  .5522E00
870  .5522E00
871  .5525E00
872  .5527E00
873  .5528E00
874  .5529E00
875  .5534E00
876  .5517E00
877  .5518E00
878  .5517E00
879  .5520E00
880  .5522E00
881  .5520E00
882  .5522E00
883  .5524E00
884  .5526E00
885  .5529E00
886  .5529E00
887  .5529E00
888  .5529E00
889  .5530E00
890  .5532E00
891  .5531E00
892  .5530E00
893  .5534E00
894  .5536E00
895  .5540E00
896  .5535E00
897  .5538E00
898  .5541E00
899  .5539E00
900  .5545E00
901  .5542E00
902  .5547E00
903  .5544E00
904  .5547E00
905  .5546E00
906  .5545E00
907  .5545E00
908  .5548E00
909  .5549E00
910  .5549E00
911  .5553E00
912  .5552E00
913  .5554E00
914  .5551E00
915  .5551E00
916  .5551E00
917  .5554E00
918  .5555E00
919  .5554E00
920  .5557E00
921  .5559E00
922  .5558E00
923  .5556E00
924  .5556E00
925  .5559E00
926  .5557E00
927  .5559E00
928  .5556E00
929  .5558E00
930  .5560E00
931  .5559E00
932  .5557E00
933  .5561E00
934  .5556E00
935  .5555E00
936  .5529E00
937  .5570E00
938  .5574E00
939  .5567E00
940  .5571E00
941  .5571E00
942  .5571E00
943  .5569E00
944  .5565E00
945  .5566E00
946  .5566E00
947  .5565E00
948  .5560E00
949  .5554E00
950  .5574E00
951  .5545E00
952  .5544E00
953  .5541E00
954  .5543E00
955  .5537E00
956  .5537E00
957  .5534E00
958  .5537E00
959  .5534E00
960  .5530E00
961  .5532E00
962  .5530E00
963  .5533E00
964  .5531E00
965  .5528E00
966  .5529E00
967  .5535E00
968  .5530E00
969  .5538E00
970  .5531E00
971  .5532E00
972  .5538E00
973  .5538E00
974  .5540E00
975  .5535E00
976  .5537E00
977  .5540E00
978  .5543E00
979  .5545E00
980  .5541E00
981  .5549E00
982  .5549E00
983  .5551E00
984  .5545E00
985  .5550E00
986  .5551E00
987  .5553E00
988  .5556E00
989  .5556E00
990  .5558E00
991  .5559E00
992  .5559E00
993  .5564E00
994  .5566E00
995  .5564E00
996  .5565E00
997  .5564E00
998  .5567E00
999  .5569E00
1000  .5571E00
1001  .5574E00
1002  .5576E00
1003  .5580E00
1004  .5581E00
1005  .5577E00
1006  .5581E00
1007  .5585E00
1008  .5584E00
1009  .5600E00
1010  .5601E00
1011  .5602E00
1012  .5605E00
1013  .5606E00
1014  .5610E00
1015  .5612E00
1016  .5616E00
1017  .5611E00
1018  .5619E00
1019  .5618E00
1020  .5616E00
1021  .5624E00
1022  .5625E00
1023  .5626E00
1024  .5626E00
1025  .5626E00
1026  .5628E00
1027  .5633E00
1028  .5633E00
1029  .5631E00
1030  .5630E00
1031  .5642E00
1032  .5637E00
1033  .5640E00
1034  .5650E00
1035  .5645E00
1036  .5648E00
1037  .5650E00
1038  .5647E00
1039  .5653E00
1040  .5653E00
1041  .5658E00
1042  .5661E00
1043  .5657E00
1044  .5662E00
1045  .5647E00
1046  .5647E00
1047  .5649E00
1048  .5652E00
1049  .5654E00
1050  .5659E00
1051  .5657E00
1052  .5665E00
1053  .5674E00
1054  .5682E00
1055  .5677E00
1056  .5687E00
1057  .5679E00
1058  .5686E00
1059  .5683E00
1060  .5686E00
1061  .5694E00
1062  .5711E00
1063  .5704E00
1064  .5697E00
1065  .5694E00
1066  .5693E00
1067  .5693E00
1068  .5697E00
1069  .5696E00
1070  .5700E00
1071  .5696E00
1072  .5691E00
1073  .5700E00
1074  .5699E00
1075  .5707E00
