350 9.3830e-01
351 9.3321e-01
352 9.3255e-01
353 9.3202e-01
354 9.2831e-01
355 9.2553e-01
356 9.3363e-01
357 9.3631e-01
358 9.2397e-01
359 9.3481e-01
360 9.1036e-01
361 9.1416e-01
362 9.2877e-01
363 9.3179e-01
364 9.2153e-01
365 9.1044e-01
366 9.2155e-01
367 9.0645e-01
368 9.1123e-01
369 9.1350e-01
370 9.0846e-01
371 9.0719e-01
372 9.0743e-01
373 9.1023e-01
374 9.0981e-01
375 9.0508e-01
376 9.1016e-01
377 8.9942e-01
378 8.9218e-01
379 8.9448e-01
380 8.9584e-01
381 8.9281e-01
382 8.9268e-01
383 8.9250e-01
384 8.9329e-01
385 8.9416e-01
386 8.9268e-01
387 8.9386e-01
388 8.9510e-01
389 8.8954e-01
390 8.9313e-01
391 8.9445e-01
392 8.9093e-01
393 8.9452e-01
394 8.9189e-01
395 8.9099e-01
396 8.9026e-01
397 8.9122e-01
398 8.9135e-01
399 8.9173e-01
400 8.9101e-01
401 8.9229e-01
402 8.9251e-01
403 8.9277e-01
404 8.9341e-01
405 8.9277e-01
406 8.9355e-01
407 8.9267e-01
408 8.9353e-01
409 8.9308e-01
410 8.9295e-01
411 8.9415e-01
412 8.9380e-01
413 8.9377e-01
414 8.9379e-01
415 8.9440e-01
416 8.9410e-01
417 8.9497e-01
418 8.9428e-01
419 8.9443e-01
420 8.9403e-01
421 8.9489e-01
422 8.9435e-01
423 8.9458e-01
424 8.9510e-01
425 8.9433e-01
426 8.9525e-01
427 8.9457e-01
428 8.9526e-01
429 8.9568e-01
430 8.9566e-01
431 8.9585e-01
432 8.9560e-01
433 8.9626e-01
434 8.9586e-01
435 8.9535e-01
436 8.9556e-01
437 8.9573e-01
438 8.9534e-01
439 8.9576e-01
440 8.9567e-01
441 8.9609e-01
442 8.9538e-01
443 8.9576e-01
444 8.9578e-01
445 8.9463e-01
446 8.9508e-01
447 8.9502e-01
448 8.9503e-01
449 8.9443e-01
450 8.9424e-01
451 8.9409e-01
452 8.9370e-01
453 8.9343e-01
454 8.9307e-01
455 8.9293e-01
456 8.9269e-01
457 8.9257e-01
458 8.9315e-01
459 8.9248e-01
460 8.9267e-01
461 8.9261e-01
462 8.9324e-01
463 8.9309e-01
464 8.9285e-01
465 8.9323e-01
466 8.9304e-01
467 8.9323e-01
468 8.9306e-01
469 8.9337e-01
470 8.9312e-01
471 8.9383e-01
472 8.9375e-01
473 8.9395e-01
474 8.9373e-01
475 8.9345e-01
476 8.9349e-01
477 8.9331e-01
478 8.9330e-01
479 8.9353e-01
480 8.9339e-01
481 8.9312e-01
482 8.9325e-01
483 8.9345e-01
484 8.9308e-01
485 8.9280e-01
486 8.9283e-01
487 8.9251e-01
488 8.9230e-01
489 8.9211e-01
490 8.9171e-01
491 8.9130e-01
492 8.9068e-01
493 8.8997e-01
494 8.8927e-01
495 8.8833e-01
496 8.8748e-01
497 8.8612e-01
498 8.8496e-01
499 8.8341e-01
500 8.8200e-01
501 8.8014e-01
502 8.7811e-01
503 8.7596e-01
504 8.7338e-01
505 8.7068e-01
506 8.6777e-01
507 8.6427e-01
508 8.6076e-01
509 8.5697e-01
510 8.5264e-01
511 8.4818e-01
512 8.4320e-01
513 8.3821e-01
514 8.3281e-01
515 8.2675e-01
516 8.2083e-01
517 8.1483e-01
518 8.0857e-01
519 8.0230e-01
520 7.9621e-01
521 7.8996e-01
522 7.8365e-01
523 7.7761e-01
524 7.7195e-01
525 7.6635e-01
526 7.6120e-01
527 7.5645e-01
528 7.5190e-01
529 7.4820e-01
530 7.4403e-01
531 7.4050e-01
532 7.3720e-01
533 7.3450e-01
534 7.3210e-01
535 7.2980e-01
536 7.2790e-01
537 7.2600e-01
538 7.2430e-01
539 7.2300e-01
540 7.2190e-01
541 7.2060e-01
542 7.1970e-01
543 7.1860e-01
544 7.1790e-01
545 7.1660e-01
546 7.1580e-01
547 7.1490e-01
548 7.1400e-01
549 7.1300e-01
550 7.1240e-01
551 7.1160e-01
552 7.1130e-01
553 7.1120e-01
554 7.1080e-01
555 7.1110e-01
556 7.1160e-01
557 7.1230e-01
558 7.1350e-01
559 7.1610e-01
560 7.1790e-01
561 7.2010e-01
562 7.2270e-01
563 7.2550e-01
564 7.2830e-01
565 7.3160e-01
566 7.3520e-01
567 7.3860e-01
568 7.4230e-01
569 7.4620e-01
570 7.4971e-01
571 7.5355e-01
572 7.5729e-01
573 7.6076e-01
574 7.6420e-01
575 7.6735e-01
576 7.7050e-01
577 7.7356e-01
578 7.7618e-01
579 7.7879e-01
580 7.8129e-01
581 7.8360e-01
582 7.8580e-01
583 7.8792e-01
584 7.8988e-01
585 7.9183e-01
586 7.9356e-01
587 7.9532e-01
588 7.9685e-01
589 7.9834e-01
590 7.9970e-01
591 8.0097e-01
592 8.0230e-01
593 8.0329e-01
594 8.0433e-01
595 8.0538e-01
596 8.0622e-01
597 8.0701e-01
598 8.0793e-01
599 8.0887e-01
600 8.0969e-01
601 8.1057e-01
602 8.1143e-01
603 8.1240e-01
604 8.1347e-01
605 8.1447e-01
606 8.1567e-01
607 8.1679e-01
608 8.1812e-01
609 8.1943e-01
610 8.2085e-01
611 8.2212e-01
612 8.2352e-01
613 8.2491e-01
614 8.2624e-01
615 8.2750e-01
616 8.2882e-01
617 8.3013e-01
618 8.3137e-01
619 8.3258e-01
620 8.3336e-01
621 8.3442e-01
622 8.3515e-01
623 8.3581e-01
624 8.3634e-01
625 8.3682e-01
626 8.3717e-01
627 8.3729e-01
628 8.3746e-01
629 8.3755e-01
630 8.3778e-01
631 8.3807e-01
632 8.3863e-01
633 8.3923e-01
634 8.4011e-01
635 8.4135e-01
636 8.4277e-01
637 8.4458e-01
638 8.4668e-01
639 8.4884e-01
640 8.5128e-01
641 8.5367e-01
642 8.5609e-01
643 8.5872e-01
644 8.6126e-01
645 8.6366e-01
646 8.6580e-01
647 8.6795e-01
648 8.6980e-01
649 8.7144e-01
650 8.7275e-01
651 8.7383e-01
652 8.7489e-01
653 8.7568e-01
654 8.7631e-01
655 8.7702e-01
656 8.7772e-01
657 8.7845e-01
658 8.7921e-01
659 8.8013e-01
660 8.8098e-01
661 8.8203e-01
662 8.8301e-01
663 8.8409e-01
664 8.8502e-01
665 8.8593e-01
666 8.8667e-01
667 8.8756e-01
668 8.8818e-01
669 8.8857e-01
670 8.8907e-01
671 8.8932e-01
672 8.8947e-01
673 8.8950e-01
674 8.8954e-01
675 8.8921e-01
676 8.8908e-01
677 8.8848e-01
678 8.8802e-01
679 8.8704e-01
680 8.8620e-01
681 8.8509e-01
682 8.8369e-01
683 8.8166e-01
684 8.7937e-01
685 8.7661e-01
686 8.7294e-01
687 8.6847e-01
688 8.6278e-01
689 8.5608e-01
690 8.4752e-01
691 8.3786e-01
692 8.2697e-01
693 8.1398e-01
694 8.0021e-01
695 7.8406e-01
696 7.6692e-01
697 7.4768e-01
698 7.2780e-01
699 7.0730e-01
700 6.8700e-01
701 6.6730e-01
702 6.4650e-01
703 6.2630e-01
704 6.0680e-01
705 5.8620e-01
706 5.6780e-01
707 5.4720e-01
708 5.2920e-01
709 5.0790e-01
710 4.9010e-01
711 4.6970e-01
712 4.5260e-01
713 4.3530e-01
714 4.1880e-01
715 4.0110e-01
716 3.8410e-01
717 3.6750e-01
718 3.5060e-01
719 3.3410e-01
720 3.1780e-01
721 3.0160e-01
722 2.8590e-01
723 2.7090e-01
724 2.5580e-01
725 2.4140e-01
726 2.2690e-01
727 2.1330e-01
728 1.9950e-01
729 1.8620e-01
730 1.7360e-01
731 1.6080e-01
732 1.5000e-01
733 1.3870e-01
734 1.2880e-01
735 1.1900e-01
736 1.0930e-01
737 1.0070e-01
738 9.1300e-02
739 8.3500e-02
740 7.6000e-02
741 6.8700e-02
742 6.2600e-02
743 5.6700e-02
744 5.1300e-02
745 4.5400e-02
746 4.0400e-02
747 3.6300e-02
748 3.1900e-02
749 2.8700e-02
750 2.4900e-02
751 2.1700e-02
752 1.9200e-02
753 1.7300e-02
754 1.4500e-02
755 1.3100e-02
756 1.0500e-02
757 8.7000e-03
758 7.5000e-03
759 6.2000e-03
760 4.7000e-03
761 3.7000e-03
762 1.9000e-03
763 5.0000e-04
764 6.0000e-04
765 0.0000e+00
766 2.0000e-04
767 -7.0000e-04
768 -1.1000e-03
769 -1.7000e-03
770 -1.6000e-03
771 -2.8000e-03
772 -3.0000e-03
773 -3.1000e-03
774 -3.3000e-03
775 -3.0000e-03
776 -4.0000e-03
777 -4.3000e-03
778 -4.3000e-03
779 -4.7000e-03
780 -4.5000e-03
781 -4.7000e-03
782 -4.7000e-03
783 -4.7000e-03
784 -4.7000e-03
785 -5.0000e-03
786 -5.0000e-03
787 -5.2000e-03
788 -5.1000e-03
789 -5.3000e-03
790 -5.2000e-03
791 -5.2000e-03
792 -5.6000e-03
793 -5.6000e-03
794 -5.7000e-03
795 -6.0000e-03
796 -5.7000e-03
797 -6.2000e-03
798 -6.5000e-03
799 -6.2000e-03
800 -6.2000e-03
801 -6.2000e-03
802 -6.3000e-03
803 -6.5000e-03
804 -6.4000e-03
805 -6.4000e-03
806 -6.3000e-03
807 -6.7000e-03
808 -6.8000e-03
809 -6.7000e-03
810 -6.6000e-03
811 -6.8000e-03
812 -7.2000e-03
813 -7.2000e-03
814 -7.1000e-03
815 -7.1000e-03
816 -7.6000e-03
817 -7.3000e-03
818 -7.7000e-03
819 -7.4000e-03
820 -7.6000e-03
821 -7.8000e-03
822 -7.7000e-03
823 -8.2000e-03
824 -8.1000e-03
825 -8.1000e-03
826 -8.1000e-03
827 -8.5000e-03
828 -8.5000e-03
829 -8.4000e-03
830 -8.5000e-03
831 -8.6000e-03
832 -8.9000e-03
833 -8.6000e-03
834 -8.9000e-03
835 -9.1000e-03
836 -9.2000e-03
837 -9.6000e-03
838 -9.7000e-03
839 -9.6000e-03
840 -9.6000e-03
841 -9.8000e-03
842 -9.9000e-03
843 -1.0300e-02
844 -1.0200e-02
845 -1.0100e-02
846 -1.0400e-02
847 -1.0900e-02
848 -1.0700e-02
849 -1.0900e-02
850 -9.6000e-03
851 -9.1000e-03
852 -9.3000e-03
853 -9.2000e-03
854 -9.7000e-03
855 -9.8000e-03
856 -1.0200e-02
857 -9.9000e-03
858 -9.7000e-03
859 -1.0500e-02
860 -1.0500e-02
861 -1.0300e-02
862 -1.0700e-02
863 -1.0900e-02
864 -1.0800e-02
865 -1.0900e-02
866 -1.1400e-02
867 -1.1300e-02
868 -1.1300e-02
869 -1.1100e-02
870 -1.1000e-02
871 -1.1400e-02
872 -1.1500e-02
873 -1.1700e-02
874 -1.1800e-02
875 -1.2200e-02
876 -1.0400e-02
877 -1.0300e-02
878 -1.0200e-02
879 -1.0600e-02
880 -1.0300e-02
881 -1.0400e-02
882 -1.0700e-02
883 -1.0600e-02
884 -1.0800e-02
885 -1.1200e-02
886 -1.0900e-02
887 -1.0900e-02
888 -1.0800e-02
889 -1.1100e-02
890 -1.1200e-02
891 -1.1100e-02
892 -1.0800e-02
893 -1.1400e-02
894 -1.1300e-02
895 -1.1700e-02
896 -1.1100e-02
897 -1.1100e-02
898 -1.1700e-02
899 -1.1000e-02
900 -1.1800e-02
901 -1.1600e-02
902 -1.2200e-02
903 -1.1800e-02
904 -1.2200e-02
905 -1.1800e-02
906 -1.1700e-02
907 -1.1500e-02
908 -1.1600e-02
909 -1.1800e-02
910 -1.2200e-02
911 -1.2100e-02
912 -1.2100e-02
913 -1.2200e-02
914 -1.2100e-02
915 -1.1800e-02
916 -1.2100e-02
917 -1.2100e-02
918 -1.2300e-02
919 -1.1800e-02
920 -1.2300e-02
921 -1.2400e-02
922 -1.1700e-02
923 -1.1600e-02
924 -1.1700e-02
925 -1.1800e-02
926 -1.1500e-02
927 -1.1800e-02
928 -1.1300e-02
929 -1.1500e-02
930 -1.1600e-02
931 -1.1100e-02
932 -1.0700e-02
933 -1.0900e-02
934 -1.0000e-02
935 -1.0100e-02
936 -5.3000e-03
937 -1.2700e-02
938 -1.3100e-02
939 -1.2200e-02
940 -1.2600e-02
941 -1.2600e-02
942 -1.2500e-02
943 -1.2200e-02
944 -1.1300e-02
945 -1.1400e-02
946 -1.0800e-02
947 -1.0900e-02
948 -1.0100e-02
949 -9.4000e-03
950 -1.2700e-02
951 -6.2000e-03
952 -5.4000e-03
953 -5.6000e-03
954 -5.2000e-03
955 -4.4000e-03
956 -4.3000e-03
957 -3.5000e-03
958 -3.9000e-03
959 -3.1000e-03
960 -2.9000e-03
961 -3.0000e-03
962 -2.1000e-03
963 -2.8000e-03
964 -2.3000e-03
965 -2.1000e-03
966 -2.1000e-03
967 -2.4000e-03
968 -2.0000e-03
969 -2.9000e-03
970 -1.6000e-03
971 -1.9000e-03
972 -2.7000e-03
973 -2.6000e-03
974 -3.1000e-03
975 -1.8000e-03
976 -2.1000e-03
977 -2.5000e-03
978 -3.1000e-03
979 -3.0000e-03
980 -2.6000e-03
981 -3.9000e-03
982 -3.7000e-03
983 -4.1000e-03
984 -3.2000e-03
985 -3.8000e-03
986 -4.0000e-03
987 -3.8000e-03
988 -4.6000e-03
989 -4.7000e-03
990 -4.6000e-03
991 -4.8000e-03
992 -4.7000e-03
993 -5.3000e-03
994 -5.7000e-03
995 -5.8000e-03
996 -5.9000e-03
997 -5.9000e-03
998 -6.3000e-03
999 -6.6000e-03
1000 -6.9000e-03
1001 -7.3000e-03
1002 -7.7000e-03
1003 -7.7000e-03
1004 -8.0000e-03
1005 -7.7000e-03
1006 -8.5000e-03
1007 -8.5000e-03
1008 -8.4000e-03
1009 -1.1600e-02
1010 -1.1800e-02
1011 -1.2000e-02
1012 -1.2500e-02
1013 -1.2500e-02
1014 -1.2900e-02
1015 -1.3500e-02
1016 -1.3900e-02
1017 -1.3500e-02
1018 -1.4400e-02
1019 -1.4300e-02
1020 -1.4200e-02
1021 -1.5100e-02
1022 -1.5400e-02
1023 -1.5000e-02
1024 -1.5700e-02
1025 -1.5400e-02
1026 -1.5700e-02
1027 -1.6300e-02
1028 -1.6600e-02
1029 -1.6700e-02
1030 -1.6600e-02
1031 -1.7800e-02
1032 -1.7400e-02
1033 -1.7500e-02
1034 -1.8500e-02
1035 -1.8300e-02
1036 -1.8700e-02
1037 -1.9100e-02
1038 -1.8800e-02
1039 -1.9200e-02
1040 -1.9300e-02
1041 -1.9800e-02
1042 -2.0200e-02
1043 -1.9900e-02
1044 -2.0700e-02
1045 -1.9200e-02
1046 -1.8200e-02
1047 -1.7900e-02
1048 -1.9200e-02
1049 -2.0000e-02
1050 -2.0600e-02
1051 -1.9800e-02
1052 -2.1200e-02
1053 -2.1600e-02
1054 -2.2900e-02
1055 -2.2500e-02
1056 -2.4800e-02
1057 -2.3900e-02
1058 -2.5000e-02
1059 -2.5100e-02
1060 -2.4700e-02
1061 -2.5600e-02
1062 -2.6800e-02
1063 -2.5900e-02
1064 -2.5100e-02
1065 -2.3600e-02
1066 -2.4300e-02
1067 -2.4400e-02
1068 -2.5000e-02
1069 -2.4800e-02
1070 -2.5500e-02
1071 -2.4000e-02
1072 -2.4400e-02
1073 -2.4300e-02
1074 -2.4500e-02
1075 -2.6300e-02
