350 9.8072e-01
351 9.7291e-01
352 9.9569e-01
353 9.6384e-01
354 9.8125e-01
355 9.6454e-01
356 9.7271e-01
357 9.5859e-01
358 9.7585e-01
359 9.6233e-01
360 9.7029e-01
361 9.7168e-01
362 9.7026e-01
363 9.8105e-01
364 9.6883e-01
365 9.6155e-01
366 9.6327e-01
367 9.7288e-01
368 9.6335e-01
369 9.6873e-01
370 9.6856e-01
371 9.5775e-01
372 9.5990e-01
373 9.5634e-01
374 9.5877e-01
375 9.5971e-01
376 9.5725e-01
377 9.5950e-01
378 9.6072e-01
379 9.5573e-01
380 9.6033e-01
381 9.5968e-01
382 9.5528e-01
383 9.6003e-01
384 9.5858e-01
385 9.5384e-01
386 9.5485e-01
387 9.5293e-01
388 9.5436e-01
389 9.5332e-01
390 9.4721e-01
391 9.4677e-01
392 9.4891e-01
393 9.4815e-01
394 9.4751e-01
395 9.4821e-01
396 9.4991e-01
397 9.4894e-01
398 9.4814e-01
399 9.4838e-01
400 9.4821e-01
401 9.4821e-01
402 9.4816e-01
403 9.4890e-01
404 9.4925e-01
405 9.4807e-01
406 9.4887e-01
407 9.4947e-01
408 9.4827e-01
409 9.4943e-01
410 9.4966e-01
411 9.4988e-01
412 9.4994e-01
413 9.4941e-01
414 9.4957e-01
415 9.4951e-01
416 9.4878e-01
417 9.4880e-01
418 9.4900e-01
419 9.4920e-01
420 9.5018e-01
421 9.4985e-01
422 9.4938e-01
423 9.5057e-01
424 9.4959e-01
425 9.4824e-01
426 9.5007e-01
427 9.5001e-01
428 9.5026e-01
429 9.5006e-01
430 9.5008e-01
431 9.5023e-01
432 9.5010e-01
433 9.5098e-01
434 9.5012e-01
435 9.5003e-01
436 9.5033e-01
437 9.5002e-01
438 9.5055e-01
439 9.5066e-01
440 9.5081e-01
441 9.5029e-01
442 9.5038e-01
443 9.5077e-01
444 9.5054e-01
445 9.5072e-01
446 9.5059e-01
447 9.5053e-01
448 9.5048e-01
449 9.5021e-01
450 9.4955e-01
451 9.5001e-01
452 9.5014e-01
453 9.5012e-01
454 9.5046e-01
455 9.4996e-01
456 9.4976e-01
457 9.4993e-01
458 9.5038e-01
459 9.4966e-01
460 9.5001e-01
461 9.5015e-01
462 9.5022e-01
463 9.4995e-01
464 9.5012e-01
465 9.5013e-01
466 9.5036e-01
467 9.5017e-01
468 9.4994e-01
469 9.4966e-01
470 9.5059e-01
471 9.4982e-01
472 9.5017e-01
473 9.4982e-01
474 9.5015e-01
475 9.5015e-01
476 9.5012e-01
477 9.4987e-01
478 9.4992e-01
479 9.4973e-01
480 9.4998e-01
481 9.4993e-01
482 9.4987e-01
483 9.4990e-01
484 9.4975e-01
485 9.4967e-01
486 9.4959e-01
487 9.4921e-01
488 9.4932e-01
489 9.4903e-01
490 9.4898e-01
491 9.4874e-01
492 9.4842e-01
493 9.4808e-01
494 9.4776e-01
495 9.4733e-01
496 9.4697e-01
497 9.4631e-01
498 9.4572e-01
499 9.4527e-01
500 9.4436e-01
501 9.4368e-01
502 9.4290e-01
503 9.4159e-01
504 9.4055e-01
505 9.3912e-01
506 9.3780e-01
507 9.3626e-01
508 9.3431e-01
509 9.3236e-01
510 9.2987e-01
511 9.2751e-01
512 9.2449e-01
513 9.2133e-01
514 9.1788e-01
515 9.1424e-01
516 9.1057e-01
517 9.0635e-01
518 9.0218e-01
519 8.9792e-01
520 8.9338e-01
521 8.8886e-01
522 8.8432e-01
523 8.7983e-01
524 8.7559e-01
525 8.7117e-01
526 8.6725e-01
527 8.6347e-01
528 8.5987e-01
529 8.5664e-01
530 8.5358e-01
531 8.5084e-01
532 8.4831e-01
533 8.4599e-01
534 8.4390e-01
535 8.4217e-01
536 8.4056e-01
537 8.3920e-01
538 8.3786e-01
539 8.3671e-01
540 8.3568e-01
541 8.3460e-01
542 8.3379e-01
543 8.3307e-01
544 8.3234e-01
545 8.3156e-01
546 8.3057e-01
547 8.2974e-01
548 8.2924e-01
549 8.2823e-01
550 8.2780e-01
551 8.2731e-01
552 8.2711e-01
553 8.2679e-01
554 8.2663e-01
555 8.2695e-01
556 8.2749e-01
557 8.2829e-01
558 8.2936e-01
559 8.3160e-01
560 8.3317e-01
561 8.3509e-01
562 8.3734e-01
563 8.3967e-01
564 8.4221e-01
565 8.4501e-01
566 8.4784e-01
567 8.5078e-01
568 8.5387e-01
569 8.5692e-01
570 8.6000e-01
571 8.6307e-01
572 8.6608e-01
573 8.6876e-01
574 8.7161e-01
575 8.7419e-01
576 8.7658e-01
577 8.7891e-01
578 8.8103e-01
579 8.8308e-01
580 8.8494e-01
581 8.8675e-01
582 8.8837e-01
583 8.8993e-01
584 8.9145e-01
585 8.9287e-01
586 8.9423e-01
587 8.9537e-01
588 8.9655e-01
589 8.9767e-01
590 8.9866e-01
591 8.9950e-01
592 9.0032e-01
593 9.0121e-01
594 9.0184e-01
595 9.0259e-01
596 9.0311e-01
597 9.0388e-01
598 9.0444e-01
599 9.0503e-01
600 9.0564e-01
601 9.0619e-01
602 9.0682e-01
603 9.0747e-01
604 9.0825e-01
605 9.0894e-01
606 9.0972e-01
607 9.1051e-01
608 9.1142e-01
609 9.1233e-01
610 9.1317e-01
611 9.1418e-01
612 9.1504e-01
613 9.1603e-01
614 9.1684e-01
615 9.1782e-01
616 9.1865e-01
617 9.1946e-01
618 9.2023e-01
619 9.2097e-01
620 9.2161e-01
621 9.2224e-01
622 9.2270e-01
623 9.2317e-01
624 9.2363e-01
625 9.2385e-01
626 9.2404e-01
627 9.2429e-01
628 9.2445e-01
629 9.2455e-01
630 9.2468e-01
631 9.2499e-01
632 9.2522e-01
633 9.2560e-01
634 9.2626e-01
635 9.2681e-01
636 9.2765e-01
637 9.2862e-01
638 9.2982e-01
639 9.3089e-01
640 9.3216e-01
641 9.3339e-01
642 9.3469e-01
643 9.3594e-01
644 9.3718e-01
645 9.3826e-01
646 9.3938e-01
647 9.4027e-01
648 9.4115e-01
649 9.4180e-01
650 9.4243e-01
651 9.4289e-01
652 9.4329e-01
653 9.4369e-01
654 9.4398e-01
655 9.4413e-01
656 9.4450e-01
657 9.4471e-01
658 9.4512e-01
659 9.4537e-01
660 9.4575e-01
661 9.4610e-01
662 9.4637e-01
663 9.4666e-01
664 9.4704e-01
665 9.4733e-01
666 9.4755e-01
667 9.4770e-01
668 9.4767e-01
669 9.4780e-01
670 9.4773e-01
671 9.4768e-01
672 9.4761e-01
673 9.4739e-01
674 9.4720e-01
675 9.4691e-01
676 9.4661e-01
677 9.4626e-01
678 9.4580e-01
679 9.4501e-01
680 9.4437e-01
681 9.4375e-01
682 9.4300e-01
683 9.4219e-01
684 9.4114e-01
685 9.4004e-01
686 9.3835e-01
687 9.3652e-01
688 9.3404e-01
689 9.3082e-01
690 9.2663e-01
691 9.2167e-01
692 9.1540e-01
693 9.0785e-01
694 8.9890e-01
695 8.8857e-01
696 8.7645e-01
697 8.6299e-01
698 8.4718e-01
699 8.3126e-01
700 8.1364e-01
701 7.9619e-01
702 7.7630e-01
703 7.5890e-01
704 7.3830e-01
705 7.2100e-01
706 7.0120e-01
707 6.8080e-01
708 6.6170e-01
709 6.4200e-01
710 6.2300e-01
711 6.0330e-01
712 5.8480e-01
713 5.6650e-01
714 5.4800e-01
715 5.2890e-01
716 5.1110e-01
717 4.9080e-01
718 4.7200e-01
719 4.5450e-01
720 4.3410e-01
721 4.1610e-01
722 3.9830e-01
723 3.8090e-01
724 3.6360e-01
725 3.4720e-01
726 3.3080e-01
727 3.1500e-01
728 2.9920e-01
729 2.8390e-01
730 2.6910e-01
731 2.5530e-01
732 2.4210e-01
733 2.2930e-01
734 2.1720e-01
735 2.0590e-01
736 1.9460e-01
737 1.8420e-01
738 1.7430e-01
739 1.6450e-01
740 1.5550e-01
741 1.4720e-01
742 1.3960e-01
743 1.3270e-01
744 1.2600e-01
745 1.1960e-01
746 1.1380e-01
747 1.0850e-01
748 1.0380e-01
749 9.9600e-02
750 9.4900e-02
751 9.1100e-02
752 8.8000e-02
753 8.5200e-02
754 8.1900e-02
755 7.9900e-02
756 7.7200e-02
757 7.4900e-02
758 7.3400e-02
759 7.1300e-02
760 6.9800e-02
761 6.8800e-02
762 6.6600e-02
763 6.4900e-02
764 6.4300e-02
765 6.3700e-02
766 6.3400e-02
767 6.2000e-02
768 6.2100e-02
769 6.1100e-02
770 6.1200e-02
771 5.9800e-02
772 5.9200e-02
773 5.9100e-02
774 5.8700e-02
775 5.8800e-02
776 5.7800e-02
777 5.7700e-02
778 5.7000e-02
779 5.7000e-02
780 5.6700e-02
781 5.6800e-02
782 5.6800e-02
783 5.6500e-02
784 5.6200e-02
785 5.6100e-02
786 5.5800e-02
787 5.5900e-02
788 5.5800e-02
789 5.5800e-02
790 5.5900e-02
791 5.5400e-02
792 5.5300e-02
793 5.5200e-02
794 5.5300e-02
795 5.4900e-02
796 5.5000e-02
797 5.4700e-02
798 5.4500e-02
799 5.4300e-02
800 5.4200e-02
801 5.4400e-02
802 5.3900e-02
803 5.4100e-02
804 5.3700e-02
805 5.3700e-02
806 5.3700e-02
807 5.3200e-02
808 5.3700e-02
809 5.3900e-02
810 5.3500e-02
811 5.3600e-02
812 5.3100e-02
813 5.3100e-02
814 5.3300e-02
815 5.3000e-02
816 5.2700e-02
817 5.3000e-02
818 5.2700e-02
819 5.2400e-02
820 5.2600e-02
821 5.2600e-02
822 5.2100e-02
823 5.1800e-02
824 5.2100e-02
825 5.1600e-02
826 5.1600e-02
827 5.1400e-02
828 5.1500e-02
829 5.1400e-02
830 5.1100e-02
831 5.1100e-02
832 5.0700e-02
833 5.0700e-02
834 5.0600e-02
835 5.0500e-02
836 5.0500e-02
837 4.9900e-02
838 4.9800e-02
839 4.9900e-02
840 4.9700e-02
841 4.9300e-02
842 4.8700e-02
843 4.9100e-02
844 4.9000e-02
845 4.8700e-02
846 4.8300e-02
847 4.8200e-02
848 4.8000e-02
849 4.8000e-02
850 4.7400e-02
851 4.7000e-02
852 4.8800e-02
853 4.8700e-02
854 4.8300e-02
855 4.8500e-02
856 4.8000e-02
857 4.7900e-02
858 4.7600e-02
859 4.9100e-02
860 4.9000e-02
861 4.8800e-02
862 4.8500e-02
863 4.8400e-02
864 4.8400e-02
865 4.8300e-02
866 4.7800e-02
867 4.8000e-02
868 4.8000e-02
869 4.7900e-02
870 4.8100e-02
871 4.8000e-02
872 4.7600e-02
873 4.7500e-02
874 4.7300e-02
875 4.7100e-02
876 4.6900e-02
877 4.7100e-02
878 4.7100e-02
879 4.6900e-02
880 4.6900e-02
881 4.6600e-02
882 4.6200e-02
883 4.6700e-02
884 4.6500e-02
885 4.5900e-02
886 4.6300e-02
887 4.6200e-02
888 4.6200e-02
889 4.5600e-02
890 4.5700e-02
891 4.5900e-02
892 4.5700e-02
893 4.5600e-02
894 4.5700e-02
895 4.5600e-02
896 4.5600e-02
897 4.5400e-02
898 4.5300e-02
899 4.5400e-02
900 4.4800e-02
901 4.5000e-02
902 4.4500e-02
903 4.4800e-02
904 4.4700e-02
905 4.4800e-02
906 4.4800e-02
907 4.5100e-02
908 4.4600e-02
909 4.4600e-02
910 4.4400e-02
911 4.4500e-02
912 4.4100e-02
913 4.4300e-02
914 4.4300e-02
915 4.4000e-02
916 4.3900e-02
917 4.4100e-02
918 4.4100e-02
919 4.4200e-02
920 4.3900e-02
921 4.3900e-02
922 4.4500e-02
923 4.4300e-02
924 4.4300e-02
925 4.4000e-02
926 4.4000e-02
927 4.4100e-02
928 4.4300e-02
929 4.4200e-02
930 4.4100e-02
931 4.4700e-02
932 4.4800e-02
933 4.4900e-02
934 4.5300e-02
935 4.5300e-02
936 5.0200e-02
937 4.2800e-02
938 4.2900e-02
939 4.2900e-02
940 4.3100e-02
941 4.3000e-02
942 4.3600e-02
943 4.3300e-02
944 4.4100e-02
945 4.4500e-02
946 4.4500e-02
947 4.5300e-02
948 4.5700e-02
949 4.6200e-02
950 4.3000e-02
951 4.9200e-02
952 4.9600e-02
953 4.9500e-02
954 5.0100e-02
955 5.0700e-02
956 5.0800e-02
957 5.1400e-02
958 5.1400e-02
959 5.1900e-02
960 5.2700e-02
961 5.2400e-02
962 5.3000e-02
963 5.2700e-02
964 5.3100e-02
965 5.2900e-02
966 5.3300e-02
967 5.2200e-02
968 5.3000e-02
969 5.2600e-02
970 5.3200e-02
971 5.3400e-02
972 5.2100e-02
973 5.2300e-02
974 5.2800e-02
975 5.2900e-02
976 5.2700e-02
977 5.3000e-02
978 5.2300e-02
979 5.2100e-02
980 5.2100e-02
981 5.1100e-02
982 5.1100e-02
983 5.0800e-02
984 5.1600e-02
985 5.1100e-02
986 5.1100e-02
987 5.0600e-02
988 4.9700e-02
989 5.0000e-02
990 5.0100e-02
991 4.9900e-02
992 4.9700e-02
993 4.9500e-02
994 4.8700e-02
995 4.8300e-02
996 4.8500e-02
997 4.8200e-02
998 4.8000e-02
999 4.7600e-02
1000 4.7500e-02
1001 4.7100e-02
1002 4.6600e-02
1003 4.6800e-02
1004 4.6100e-02
1005 4.6400e-02
1006 4.5700e-02
1007 4.5400e-02
1008 4.6100e-02
1009 4.2400e-02
1010 4.2000e-02
1011 4.2100e-02
1012 4.1600e-02
1013 4.1300e-02
1014 4.1000e-02
1015 4.0400e-02
1016 3.9900e-02
1017 4.0100e-02
1018 3.9600e-02
1019 3.9300e-02
1020 3.9100e-02
1021 3.8600e-02
1022 3.8700e-02
1023 3.8100e-02
1024 3.7800e-02
1025 3.7400e-02
1026 3.7200e-02
1027 3.7100e-02
1028 3.6800e-02
1029 3.6700e-02
1030 3.6500e-02
1031 3.5600e-02
1032 3.6100e-02
1033 3.5600e-02
1034 3.5100e-02
1035 3.5100e-02
1036 3.4300e-02
1037 3.4400e-02
1038 3.4500e-02
1039 3.4000e-02
1040 3.3800e-02
1041 3.3100e-02
1042 3.3100e-02
1043 3.3200e-02
1044 3.2600e-02
1045 3.3600e-02
1046 3.4400e-02
1047 3.3000e-02
1048 3.2800e-02
1049 3.1800e-02
1050 3.1100e-02
1051 3.1800e-02
1052 3.1600e-02
1053 3.1000e-02
1054 3.0700e-02
1055 3.0100e-02
1056 2.8500e-02
1057 2.8500e-02
1058 2.8800e-02
1059 2.8400e-02
1060 2.8100e-02
1061 2.7700e-02
1062 2.6300e-02
1063 2.7100e-02
1064 2.7800e-02
1065 2.9300e-02
1066 2.8400e-02
1067 2.9100e-02
1068 2.7700e-02
1069 2.7400e-02
1070 2.7900e-02
1071 2.8800e-02
1072 2.8000e-02
1073 2.8400e-02
1074 2.8200e-02
1075 2.6800e-02
