350 1.0147e+00
351 1.0046e+00
352 1.0172e+00
353 1.0042e+00
354 1.0117e+00
355 1.0000e+00
356 1.0034e+00
357 1.0135e+00
358 1.0031e+00
359 1.0059e+00
360 1.0028e+00
361 1.0136e+00
362 1.0051e+00
363 1.0097e+00
364 1.0023e+00
365 9.9559e-01
366 1.0063e+00
367 1.0079e+00
368 1.0019e+00
369 1.0054e+00
370 1.0034e+00
371 1.0000e+00
372 9.9847e-01
373 1.0000e+00
374 1.0028e+00
375 9.9870e-01
376 1.0000e+00
377 1.0023e+00
378 1.0011e+00
379 1.0010e+00
380 1.0029e+00
381 1.0000e+00
382 1.0000e+00
383 1.0000e+00
384 1.0008e+00
385 1.0007e+00
386 1.0000e+00
387 9.9934e-01
388 1.0006e+00
389 1.0006e+00
390 9.9944e-01
391 9.9840e-01
392 1.0000e+00
393 1.0005e+00
394 9.9908e-01
395 9.9956e-01
396 1.0008e+00
397 1.0016e+00
398 9.9884e-01
399 1.0000e+00
400 1.0000e+00
401 9.9897e-01
402 9.9934e-01
403 9.9937e-01
404 9.9939e-01
405 9.9942e-01
406 9.9944e-01
407 1.0000e+00
408 9.9845e-01
409 9.9950e-01
410 9.9952e-01
411 9.9954e-01
412 9.9933e-01
413 9.9870e-01
414 9.9958e-01
415 9.9899e-01
416 9.9862e-01
417 9.9867e-01
418 9.9926e-01
419 9.9911e-01
420 9.9948e-01
421 9.9967e-01
422 9.9871e-01
423 9.9969e-01
424 9.9939e-01
425 9.9716e-01
426 9.9898e-01
427 9.9914e-01
428 9.9944e-01
429 9.9917e-01
430 9.9918e-01
431 9.9933e-01
432 9.9934e-01
433 9.9961e-01
434 9.9909e-01
435 9.9936e-01
436 9.9924e-01
437 9.9912e-01
438 9.9913e-01
439 9.9926e-01
440 9.9964e-01
441 9.9892e-01
442 9.9917e-01
443 9.9918e-01
444 9.9907e-01
445 9.9896e-01
446 9.9920e-01
447 9.9909e-01
448 9.9898e-01
449 9.9888e-01
450 9.9844e-01
451 9.9879e-01
452 9.9858e-01
453 9.9870e-01
454 9.9882e-01
455 9.9842e-01
456 9.9823e-01
457 9.9826e-01
458 9.9879e-01
459 9.9822e-01
460 9.9864e-01
461 9.9839e-01
462 9.9842e-01
463 9.9837e-01
464 9.9824e-01
465 9.9837e-01
466 9.9850e-01
467 9.9838e-01
468 9.9811e-01
469 9.9801e-01
470 9.9821e-01
471 9.9797e-01
472 9.9810e-01
473 9.9802e-01
474 9.9815e-01
475 9.9807e-01
476 9.9807e-01
477 9.9757e-01
478 9.9793e-01
479 9.9776e-01
480 9.9782e-01
481 9.9776e-01
482 9.9766e-01
483 9.9766e-01
484 9.9762e-01
485 9.9757e-01
486 9.9763e-01
487 9.9735e-01
488 9.9726e-01
489 9.9705e-01
490 9.9702e-01
491 9.9686e-01
492 9.9666e-01
493 9.9643e-01
494 9.9607e-01
495 9.9582e-01
496 9.9533e-01
497 9.9505e-01
498 9.9466e-01
499 9.9432e-01
500 9.9372e-01
501 9.9311e-01
502 9.9262e-01
503 9.9170e-01
504 9.9110e-01
505 9.9005e-01
506 9.8917e-01
507 9.8805e-01
508 9.8679e-01
509 9.8546e-01
510 9.8386e-01
511 9.8232e-01
512 9.8030e-01
513 9.7835e-01
514 9.7609e-01
515 9.7374e-01
516 9.7148e-01
517 9.6889e-01
518 9.6622e-01
519 9.6349e-01
520 9.6070e-01
521 9.5791e-01
522 9.5507e-01
523 9.5228e-01
524 9.4958e-01
525 9.4689e-01
526 9.4439e-01
527 9.4202e-01
528 9.3974e-01
529 9.3783e-01
530 9.3583e-01
531 9.3412e-01
532 9.3246e-01
533 9.3103e-01
534 9.2959e-01
535 9.2851e-01
536 9.2744e-01
537 9.2648e-01
538 9.2562e-01
539 9.2494e-01
540 9.2423e-01
541 9.2353e-01
542 9.2286e-01
543 9.2237e-01
544 9.2191e-01
545 9.2141e-01
546 9.2080e-01
547 9.2016e-01
548 9.1978e-01
549 9.1911e-01
550 9.1881e-01
551 9.1846e-01
552 9.1839e-01
553 9.1790e-01
554 9.1780e-01
555 9.1803e-01
556 9.1822e-01
557 9.1865e-01
558 9.1920e-01
559 9.2052e-01
560 9.2136e-01
561 9.2253e-01
562 9.2384e-01
563 9.2522e-01
564 9.2683e-01
565 9.2846e-01
566 9.3014e-01
567 9.3192e-01
568 9.3384e-01
569 9.3563e-01
570 9.3750e-01
571 9.3938e-01
572 9.4117e-01
573 9.4281e-01
574 9.4455e-01
575 9.4607e-01
576 9.4759e-01
577 9.4902e-01
578 9.5027e-01
579 9.5151e-01
580 9.5269e-01
581 9.5374e-01
582 9.5477e-01
583 9.5568e-01
584 9.5662e-01
585 9.5750e-01
586 9.5839e-01
587 9.5909e-01
588 9.5985e-01
589 9.6050e-01
590 9.6111e-01
591 9.6164e-01
592 9.6215e-01
593 9.6268e-01
594 9.6310e-01
595 9.6361e-01
596 9.6390e-01
597 9.6438e-01
598 9.6472e-01
599 9.6507e-01
600 9.6550e-01
601 9.6581e-01
602 9.6621e-01
603 9.6661e-01
604 9.6711e-01
605 9.6754e-01
606 9.6802e-01
607 9.6852e-01
608 9.6915e-01
609 9.6970e-01
610 9.7024e-01
611 9.7085e-01
612 9.7144e-01
613 9.7207e-01
614 9.7258e-01
615 9.7321e-01
616 9.7373e-01
617 9.7424e-01
618 9.7477e-01
619 9.7522e-01
620 9.7566e-01
621 9.7604e-01
622 9.7632e-01
623 9.7668e-01
624 9.7695e-01
625 9.7706e-01
626 9.7718e-01
627 9.7733e-01
628 9.7741e-01
629 9.7747e-01
630 9.7755e-01
631 9.7775e-01
632 9.7788e-01
633 9.7814e-01
634 9.7858e-01
635 9.7896e-01
636 9.7958e-01
637 9.8025e-01
638 9.8106e-01
639 9.8185e-01
640 9.8277e-01
641 9.8364e-01
642 9.8465e-01
643 9.8552e-01
644 9.8649e-01
645 9.8734e-01
646 9.8820e-01
647 9.8882e-01
648 9.8949e-01
649 9.9004e-01
650 9.9052e-01
651 9.9089e-01
652 9.9122e-01
653 9.9155e-01
654 9.9181e-01
655 9.9199e-01
656 9.9223e-01
657 9.9248e-01
658 9.9279e-01
659 9.9299e-01
660 9.9334e-01
661 9.9371e-01
662 9.9397e-01
663 9.9430e-01
664 9.9459e-01
665 9.9493e-01
666 9.9517e-01
667 9.9546e-01
668 9.9558e-01
669 9.9574e-01
670 9.9581e-01
671 9.9596e-01
672 9.9603e-01
673 9.9609e-01
674 9.9611e-01
675 9.9606e-01
676 9.9605e-01
677 9.9605e-01
678 9.9592e-01
679 9.9563e-01
680 9.9546e-01
681 9.9522e-01
682 9.9492e-01
683 9.9452e-01
684 9.9394e-01
685 9.9324e-01
686 9.9211e-01
687 9.9085e-01
688 9.8907e-01
689 9.8678e-01
690 9.8379e-01
691 9.8027e-01
692 9.7587e-01
693 9.7088e-01
694 9.6467e-01
695 9.5810e-01
696 9.5012e-01
697 9.4131e-01
698 9.3115e-01
699 9.2125e-01
700 9.0970e-01
701 8.9843e-01
702 8.8538e-01
703 8.7381e-01
704 8.6009e-01
705 8.4863e-01
706 8.3456e-01
707 8.2004e-01
708 8.0646e-01
709 7.9201e-01
710 7.7797e-01
711 7.6271e-01
712 7.4821e-01
713 7.3371e-01
714 7.1859e-01
715 7.0267e-01
716 6.8687e-01
717 6.6985e-01
718 6.5284e-01
719 6.3700e-01
720 6.1653e-01
721 5.9896e-01
722 5.8112e-01
723 5.6305e-01
724 5.4472e-01
725 5.2678e-01
726 5.0861e-01
727 4.9050e-01
728 4.7200e-01
729 4.5351e-01
730 4.3523e-01
731 4.1777e-01
732 4.0063e-01
733 3.8364e-01
734 3.6708e-01
735 3.5143e-01
736 3.3558e-01
737 3.2057e-01
738 3.0606e-01
739 2.9141e-01
740 2.7768e-01
741 2.6484e-01
742 2.5290e-01
743 2.4193e-01
744 2.3107e-01
745 2.2070e-01
746 2.1117e-01
747 2.0235e-01
748 1.9435e-01
749 1.8722e-01
750 1.7912e-01
751 1.7257e-01
752 1.6711e-01
753 1.6216e-01
754 1.5636e-01
755 1.5283e-01
756 1.4798e-01
757 1.4390e-01
758 1.4121e-01
759 1.3743e-01
760 1.3467e-01
761 1.3287e-01
762 1.2885e-01
763 1.2575e-01
764 1.2466e-01
765 1.2350e-01
766 1.2289e-01
767 1.2034e-01
768 1.2047e-01
769 1.1859e-01
770 1.1879e-01
771 1.1621e-01
772 1.1511e-01
773 1.1487e-01
774 1.1411e-01
775 1.1424e-01
776 1.1239e-01
777 1.1217e-01
778 1.1087e-01
779 1.1083e-01
780 1.1027e-01
781 1.1040e-01
782 1.1040e-01
783 1.0982e-01
784 1.0927e-01
785 1.0906e-01
786 1.0850e-01
787 1.0865e-01
788 1.0843e-01
789 1.0839e-01
790 1.0859e-01
791 1.0766e-01
792 1.0744e-01
793 1.0725e-01
794 1.0744e-01
795 1.0662e-01
796 1.0684e-01
797 1.0623e-01
798 1.0589e-01
799 1.0550e-01
800 1.0530e-01
801 1.0565e-01
802 1.0468e-01
803 1.0503e-01
804 1.0429e-01
805 1.0427e-01
806 1.0427e-01
807 1.0332e-01
808 1.0423e-01
809 1.0456e-01
810 1.0384e-01
811 1.0404e-01
812 1.0305e-01
813 1.0307e-01
814 1.0341e-01
815 1.0281e-01
816 1.0229e-01
817 1.0279e-01
818 1.0225e-01
819 1.0165e-01
820 1.0206e-01
821 1.0202e-01
822 1.0107e-01
823 1.0052e-01
824 1.0105e-01
825 1.0012e-01
826 1.0010e-01
827 9.9728e-02
828 9.9884e-02
829 9.9728e-02
830 9.9108e-02
831 9.9127e-02
832 9.8332e-02
833 9.8351e-02
834 9.8119e-02
835 9.7944e-02
836 9.7963e-02
837 9.6780e-02
838 9.6643e-02
839 9.6799e-02
840 9.6430e-02
841 9.5691e-02
842 9.4545e-02
843 9.5321e-02
844 9.5072e-02
845 9.4526e-02
846 9.3768e-02
847 9.3592e-02
848 9.3186e-02
849 9.3186e-02
850 9.2057e-02
851 9.1244e-02
852 9.4776e-02
853 9.4600e-02
854 9.3841e-02
855 9.4193e-02
856 9.3294e-02
857 9.3100e-02
858 9.2535e-02
859 9.5118e-02
860 9.4943e-02
861 9.4574e-02
862 9.3992e-02
863 9.3798e-02
864 9.3798e-02
865 9.3587e-02
866 9.2672e-02
867 9.3023e-02
868 9.3005e-02
869 9.2829e-02
870 9.3199e-02
871 9.2951e-02
872 9.2248e-02
873 9.2036e-02
874 9.1649e-02
875 9.1279e-02
876 9.0909e-02
877 9.1279e-02
878 9.1279e-02
879 9.0874e-02
880 9.0874e-02
881 9.0293e-02
882 8.9570e-02
883 9.0486e-02
884 9.0099e-02
885 8.9005e-02
886 8.9729e-02
887 8.9518e-02
888 8.9552e-02
889 8.8372e-02
890 8.8566e-02
891 8.8919e-02
892 8.8549e-02
893 8.8338e-02
894 8.8549e-02
895 8.8372e-02
896 8.8338e-02
897 8.7984e-02
898 8.7808e-02
899 8.7984e-02
900 8.6805e-02
901 8.7209e-02
902 8.6257e-02
903 8.6788e-02
904 8.6611e-02
905 8.6822e-02
906 8.6788e-02
907 8.7302e-02
908 8.6401e-02
909 8.6401e-02
910 8.5980e-02
911 8.6207e-02
912 8.5432e-02
913 8.5819e-02
914 8.5770e-02
915 8.5222e-02
916 8.5061e-02
917 8.5399e-02
918 8.5415e-02
919 8.5593e-02
920 8.4995e-02
921 8.4995e-02
922 8.6140e-02
923 8.5770e-02
924 8.5736e-02
925 8.5172e-02
926 8.5156e-02
927 8.5333e-02
928 8.5703e-02
929 8.5493e-02
930 8.5333e-02
931 8.6427e-02
932 8.6620e-02
933 8.6814e-02
934 8.7553e-02
935 8.7519e-02
936 9.6557e-02
937 8.2881e-02
938 8.3059e-02
939 8.3027e-02
940 8.3382e-02
941 8.3237e-02
942 8.4284e-02
943 8.3720e-02
944 8.5217e-02
945 8.5941e-02
946 8.5941e-02
947 8.7351e-02
948 8.8122e-02
949 8.9000e-02
950 8.3076e-02
951 9.4615e-02
952 9.5366e-02
953 9.5119e-02
954 9.6272e-02
955 9.7276e-02
956 9.7467e-02
957 9.8543e-02
958 9.8562e-02
959 9.9482e-02
960 1.0090e-01
961 1.0040e-01
962 1.0145e-01
963 1.0092e-01
964 1.0165e-01
965 1.0124e-01
966 1.0197e-01
967 9.9981e-02
968 1.0144e-01
969 1.0071e-01
970 1.0180e-01
971 1.0212e-01
972 9.9789e-02
973 1.0019e-01
974 1.0103e-01
975 1.0122e-01
976 1.0086e-01
977 1.0142e-01
978 1.0013e-01
979 9.9808e-02
980 9.9713e-02
981 9.7911e-02
982 9.7874e-02
983 9.7355e-02
984 9.8756e-02
985 9.7893e-02
986 9.7874e-02
987 9.6972e-02
988 9.5284e-02
989 9.5822e-02
990 9.6051e-02
991 9.5649e-02
992 9.5284e-02
993 9.4937e-02
994 9.3474e-02
995 9.2706e-02
996 9.3054e-02
997 9.2514e-02
998 9.2095e-02
999 9.1363e-02
1000 9.1206e-02
1001 9.0473e-02
1002 8.9547e-02
1003 8.9948e-02
1004 8.8671e-02
1005 8.9128e-02
1006 8.7851e-02
1007 8.7358e-02
1008 8.8637e-02
1009 8.1759e-02
1010 8.0987e-02
1011 8.1164e-02
1012 8.0278e-02
1013 7.9668e-02
1014 7.9135e-02
1015 7.8037e-02
1016 7.7057e-02
1017 7.7473e-02
1018 7.6537e-02
1019 7.5971e-02
1020 7.5570e-02
1021 7.4618e-02
1022 7.4783e-02
1023 7.3723e-02
1024 7.3114e-02
1025 7.2354e-02
1026 7.2009e-02
1027 7.1816e-02
1028 7.1235e-02
1029 7.1055e-02
1030 7.0668e-02
1031 6.9006e-02
1032 6.9907e-02
1033 6.8979e-02
1034 6.8076e-02
1035 6.8063e-02
1036 6.6524e-02
1037 6.6757e-02
1038 6.6886e-02
1039 6.5968e-02
1040 6.5593e-02
1041 6.4284e-02
1042 6.4284e-02
1043 6.4479e-02
1044 6.3326e-02
1045 6.5116e-02
1046 6.6744e-02
1047 6.4115e-02
1048 6.3714e-02
1049 6.1784e-02
1050 6.0471e-02
1051 6.1832e-02
1052 6.1443e-02
1053 6.0311e-02
1054 5.9670e-02
1055 5.8583e-02
1056 5.5501e-02
1057 5.5534e-02
1058 5.6075e-02
1059 5.5328e-02
1060 5.4765e-02
1061 5.4038e-02
1062 5.1427e-02
1063 5.2909e-02
1064 5.4223e-02
1065 5.7071e-02
1066 5.5307e-02
1067 5.6604e-02
1068 5.3996e-02
1069 5.3411e-02
1070 5.4365e-02
1071 5.6053e-02
1072 5.4549e-02
1073 5.5285e-02
1074 5.4960e-02
1075 5.2313e-02
