350 9.8990e-01
351 9.9044e-01
352 1.0185e+00
353 1.0043e+00
354 9.9597e-01
355 9.9240e-01
356 1.0037e+00
357 1.0068e+00
358 1.0066e+00
359 1.0094e+00
360 9.9410e-01
361 9.8606e-01
362 1.0027e+00
363 1.0051e+00
364 1.0000e+00
365 9.9533e-01
366 1.0022e+00
367 9.9576e-01
368 1.0000e+00
369 1.0000e+00
370 9.9638e-01
371 9.9315e-01
372 9.9511e-01
373 9.9846e-01
374 9.9854e-01
375 9.9584e-01
376 9.9870e-01
377 1.0013e+00
378 9.9763e-01
379 9.9664e-01
380 1.0011e+00
381 9.9800e-01
382 9.9530e-01
383 9.9643e-01
384 9.9664e-01
385 9.9683e-01
386 9.9774e-01
387 9.9716e-01
388 9.9732e-01
389 9.9301e-01
390 9.9580e-01
391 9.9772e-01
392 9.9457e-01
393 9.9691e-01
394 9.9508e-01
395 9.9530e-01
396 9.9504e-01
397 9.9611e-01
398 9.9504e-01
399 9.9523e-01
400 9.9543e-01
401 9.9597e-01
402 9.9544e-01
403 9.9562e-01
404 9.9644e-01
405 9.9595e-01
406 9.9672e-01
407 9.9540e-01
408 9.9614e-01
409 9.9574e-01
410 9.9615e-01
411 9.9605e-01
412 9.9666e-01
413 9.9584e-01
414 9.9642e-01
415 9.9611e-01
416 9.9643e-01
417 9.9674e-01
418 9.9663e-01
419 9.9658e-01
420 9.9669e-01
421 9.9698e-01
422 9.9671e-01
423 9.9663e-01
424 9.9688e-01
425 9.9647e-01
426 9.9671e-01
427 9.9662e-01
428 9.9684e-01
429 9.9719e-01
430 9.9695e-01
431 9.9727e-01
432 9.9688e-01
433 9.9706e-01
434 9.9696e-01
435 9.9671e-01
436 9.9661e-01
437 9.9692e-01
438 9.9682e-01
439 9.9672e-01
440 9.9663e-01
441 9.9654e-01
442 9.9619e-01
443 9.9673e-01
444 9.9676e-01
445 9.9591e-01
446 9.9619e-01
447 9.9635e-01
448 9.9625e-01
449 9.9580e-01
450 9.9548e-01
451 9.9575e-01
452 9.9521e-01
453 9.9514e-01
454 9.9485e-01
455 9.9457e-01
456 9.9442e-01
457 9.9418e-01
458 9.9471e-01
459 9.9385e-01
460 9.9418e-01
461 9.9400e-01
462 9.9414e-01
463 9.9409e-01
464 9.9405e-01
465 9.9403e-01
466 9.9392e-01
467 9.9392e-01
468 9.9350e-01
469 9.9385e-01
470 9.9379e-01
471 9.9369e-01
472 9.9361e-01
473 9.9350e-01
474 9.9348e-01
475 9.9305e-01
476 9.9299e-01
477 9.9279e-01
478 9.9267e-01
479 9.9281e-01
480 9.9257e-01
481 9.9246e-01
482 9.9243e-01
483 9.9251e-01
484 9.9221e-01
485 9.9211e-01
486 9.9203e-01
487 9.9179e-01
488 9.9166e-01
489 9.9145e-01
490 9.9123e-01
491 9.9089e-01
492 9.9042e-01
493 9.8995e-01
494 9.8951e-01
495 9.8890e-01
496 9.8840e-01
497 9.8743e-01
498 9.8680e-01
499 9.8562e-01
500 9.8481e-01
501 9.8340e-01
502 9.8212e-01
503 9.8059e-01
504 9.7880e-01
505 9.7687e-01
506 9.7491e-01
507 9.7262e-01
508 9.6998e-01
509 9.6734e-01
510 9.6420e-01
511 9.6100e-01
512 9.5742e-01
513 9.5381e-01
514 9.4983e-01
515 9.4540e-01
516 9.4100e-01
517 9.3648e-01
518 9.3185e-01
519 9.2709e-01
520 9.2250e-01
521 9.1770e-01
522 9.1281e-01
523 9.0821e-01
524 9.0382e-01
525 8.9947e-01
526 8.9542e-01
527 8.9172e-01
528 8.8825e-01
529 8.8513e-01
530 8.8176e-01
531 8.7883e-01
532 8.7626e-01
533 8.7388e-01
534 8.7207e-01
535 8.6995e-01
536 8.6851e-01
537 8.6687e-01
538 8.6535e-01
539 8.6421e-01
540 8.6321e-01
541 8.6206e-01
542 8.6130e-01
543 8.6029e-01
544 8.5955e-01
545 8.5851e-01
546 8.5766e-01
547 8.5699e-01
548 8.5612e-01
549 8.5522e-01
550 8.5450e-01
551 8.5385e-01
552 8.5349e-01
553 8.5337e-01
554 8.5289e-01
555 8.5315e-01
556 8.5334e-01
557 8.5387e-01
558 8.5490e-01
559 8.5678e-01
560 8.5822e-01
561 8.5992e-01
562 8.6190e-01
563 8.6400e-01
564 8.6620e-01
565 8.6878e-01
566 8.7161e-01
567 8.7419e-01
568 8.7701e-01
569 8.8016e-01
570 8.8284e-01
571 8.8580e-01
572 8.8863e-01
573 8.9134e-01
574 8.9411e-01
575 8.9654e-01
576 8.9896e-01
577 9.0137e-01
578 9.0338e-01
579 9.0546e-01
580 9.0732e-01
581 9.0915e-01
582 9.1086e-01
583 9.1247e-01
584 9.1400e-01
585 9.1552e-01
586 9.1677e-01
587 9.1817e-01
588 9.1930e-01
589 9.2049e-01
590 9.2153e-01
591 9.2246e-01
592 9.2346e-01
593 9.2428e-01
594 9.2505e-01
595 9.2583e-01
596 9.2648e-01
597 9.2706e-01
598 9.2780e-01
599 9.2846e-01
600 9.2908e-01
601 9.2977e-01
602 9.3043e-01
603 9.3112e-01
604 9.3202e-01
605 9.3274e-01
606 9.3369e-01
607 9.3454e-01
608 9.3553e-01
609 9.3660e-01
610 9.3769e-01
611 9.3871e-01
612 9.3988e-01
613 9.4093e-01
614 9.4191e-01
615 9.4291e-01
616 9.4399e-01
617 9.4494e-01
618 9.4592e-01
619 9.4687e-01
620 9.4754e-01
621 9.4831e-01
622 9.4893e-01
623 9.4946e-01
624 9.4985e-01
625 9.5018e-01
626 9.5047e-01
627 9.5060e-01
628 9.5079e-01
629 9.5090e-01
630 9.5105e-01
631 9.5127e-01
632 9.5169e-01
633 9.5216e-01
634 9.5283e-01
635 9.5370e-01
636 9.5476e-01
637 9.5616e-01
638 9.5767e-01
639 9.5925e-01
640 9.6103e-01
641 9.6286e-01
642 9.6472e-01
643 9.6659e-01
644 9.6847e-01
645 9.7019e-01
646 9.7183e-01
647 9.7337e-01
648 9.7478e-01
649 9.7597e-01
650 9.7700e-01
651 9.7788e-01
652 9.7862e-01
653 9.7929e-01
654 9.7977e-01
655 9.8035e-01
656 9.8091e-01
657 9.8151e-01
658 9.8214e-01
659 9.8284e-01
660 9.8357e-01
661 9.8430e-01
662 9.8506e-01
663 9.8594e-01
664 9.8664e-01
665 9.8744e-01
666 9.8804e-01
667 9.8870e-01
668 9.8928e-01
669 9.8972e-01
670 9.9016e-01
671 9.9045e-01
672 9.9072e-01
673 9.9086e-01
674 9.9113e-01
675 9.9110e-01
676 9.9117e-01
677 9.9106e-01
678 9.9098e-01
679 9.9067e-01
680 9.9039e-01
681 9.8993e-01
682 9.8935e-01
683 9.8841e-01
684 9.8717e-01
685 9.8562e-01
686 9.8337e-01
687 9.8055e-01
688 9.7688e-01
689 9.7227e-01
690 9.6628e-01
691 9.5953e-01
692 9.5152e-01
693 9.4211e-01
694 9.3167e-01
695 9.1939e-01
696 9.0620e-01
697 8.9063e-01
698 8.7455e-01
699 8.5765e-01
700 8.4078e-01
701 8.2383e-01
702 8.0621e-01
703 7.8899e-01
704 7.7132e-01
705 7.5308e-01
706 7.3626e-01
707 7.1698e-01
708 6.9963e-01
709 6.7992e-01
710 6.6266e-01
711 6.4158e-01
712 6.2410e-01
713 6.0618e-01
714 5.8870e-01
715 5.6983e-01
716 5.5108e-01
717 5.3253e-01
718 5.1332e-01
719 4.9416e-01
720 4.7490e-01
721 4.5531e-01
722 4.3602e-01
723 4.1728e-01
724 3.9795e-01
725 3.7926e-01
726 3.5987e-01
727 3.4150e-01
728 3.2250e-01
729 3.0370e-01
730 2.8571e-01
731 2.6707e-01
732 2.5117e-01
733 2.3417e-01
734 2.1905e-01
735 2.0384e-01
736 1.8861e-01
737 1.7492e-01
738 1.5973e-01
739 1.4693e-01
740 1.3454e-01
741 1.2229e-01
742 1.1199e-01
743 1.0185e-01
744 9.2583e-02
745 8.2276e-02
746 7.3521e-02
747 6.6229e-02
748 5.8393e-02
749 5.2670e-02
750 4.5823e-02
751 4.0030e-02
752 3.5490e-02
753 3.2019e-02
754 2.6892e-02
755 2.4304e-02
756 1.9524e-02
757 1.6195e-02
758 1.3969e-02
759 1.1556e-02
760 8.7687e-03
761 6.9069e-03
762 3.5521e-03
763 9.3510e-04
764 1.1221e-03
765 0.0000e+00
766 3.7397e-04
767 -1.3091e-03
768 -2.0576e-03
769 -3.1811e-03
770 -2.9923e-03
771 -5.2385e-03
772 -5.6106e-03
773 -5.7998e-03
774 -6.1728e-03
775 -5.6106e-03
776 -7.4836e-03
777 -8.0419e-03
778 -8.0404e-03
779 -8.7916e-03
780 -8.4112e-03
781 -8.7867e-03
782 -8.7834e-03
783 -8.7801e-03
784 -8.7801e-03
785 -9.3406e-03
786 -9.3371e-03
787 -9.7106e-03
788 -9.5203e-03
789 -9.8954e-03
790 -9.7051e-03
791 -9.7033e-03
792 -1.0452e-02
793 -1.0452e-02
794 -1.0634e-02
795 -1.1196e-02
796 -1.0632e-02
797 -1.1567e-02
798 -1.2129e-02
799 -1.1559e-02
800 -1.1559e-02
801 -1.1554e-02
802 -1.1741e-02
803 -1.2109e-02
804 -1.1925e-02
805 -1.1923e-02
806 -1.1732e-02
807 -1.2479e-02
808 -1.2665e-02
809 -1.2479e-02
810 -1.2288e-02
811 -1.2658e-02
812 -1.3405e-02
813 -1.3403e-02
814 -1.3214e-02
815 -1.3209e-02
816 -1.4145e-02
817 -1.3579e-02
818 -1.4328e-02
819 -1.3767e-02
820 -1.4132e-02
821 -1.4512e-02
822 -1.4318e-02
823 -1.5253e-02
824 -1.5064e-02
825 -1.5064e-02
826 -1.5059e-02
827 -1.5811e-02
828 -1.5808e-02
829 -1.5613e-02
830 -1.5796e-02
831 -1.5985e-02
832 -1.6546e-02
833 -1.5979e-02
834 -1.6540e-02
835 -1.6908e-02
836 -1.7097e-02
837 -1.7844e-02
838 -1.8023e-02
839 -1.7831e-02
840 -1.7827e-02
841 -1.8205e-02
842 -1.8384e-02
843 -1.9134e-02
844 -1.8945e-02
845 -1.8756e-02
846 -1.9313e-02
847 -2.0249e-02
848 -1.9870e-02
849 -2.0245e-02
850 -1.7774e-02
851 -1.6836e-02
852 -1.7209e-02
853 -1.7021e-02
854 -1.7953e-02
855 -1.8135e-02
856 -1.8871e-02
857 -1.8306e-02
858 -1.7940e-02
859 -1.9423e-02
860 -1.9426e-02
861 -1.9046e-02
862 -1.9793e-02
863 -2.0159e-02
864 -1.9970e-02
865 -2.0152e-02
866 -2.1084e-02
867 -2.0895e-02
868 -2.0887e-02
869 -2.0514e-02
870 -2.0325e-02
871 -2.1068e-02
872 -2.1249e-02
873 -2.1623e-02
874 -2.1807e-02
875 -2.2542e-02
876 -1.9213e-02
877 -1.9021e-02
878 -1.8837e-02
879 -1.9579e-02
880 -1.9007e-02
881 -1.9202e-02
882 -1.9760e-02
883 -1.9564e-02
884 -1.9934e-02
885 -2.0676e-02
886 -2.0111e-02
887 -2.0111e-02
888 -1.9923e-02
889 -2.0483e-02
890 -2.0664e-02
891 -2.0480e-02
892 -1.9919e-02
893 -2.1033e-02
894 -2.0837e-02
895 -2.1575e-02
896 -2.0465e-02
897 -2.0453e-02
898 -2.1571e-02
899 -2.0262e-02
900 -2.1743e-02
901 -2.1379e-02
902 -2.2488e-02
903 -2.1747e-02
904 -2.2488e-02
905 -2.1739e-02
906 -2.1555e-02
907 -2.1179e-02
908 -2.1355e-02
909 -2.1727e-02
910 -2.2480e-02
911 -2.2275e-02
912 -2.2280e-02
913 -2.2459e-02
914 -2.2284e-02
915 -2.1719e-02
916 -2.2284e-02
917 -2.2271e-02
918 -2.2644e-02
919 -2.1707e-02
920 -2.2635e-02
921 -2.2815e-02
922 -2.1503e-02
923 -2.1324e-02
924 -2.1511e-02
925 -2.1687e-02
926 -2.1132e-02
927 -2.1687e-02
928 -2.0761e-02
929 -2.1128e-02
930 -2.1308e-02
931 -2.0374e-02
932 -1.9633e-02
933 -1.9993e-02
934 -1.8328e-02
935 -1.8519e-02
936 -9.6786e-03
937 -2.3333e-02
938 -2.4068e-02
939 -2.2406e-02
940 -2.3140e-02
941 -2.3140e-02
942 -2.2953e-02
943 -2.2398e-02
944 -2.0726e-02
945 -2.0910e-02
946 -1.9787e-02
947 -1.9978e-02
948 -1.8502e-02
949 -1.7216e-02
950 -2.3316e-02
951 -1.1308e-02
952 -9.8361e-03
953 -1.0210e-02
954 -9.4700e-03
955 -8.0102e-03
956 -7.8267e-03
957 -6.3648e-03
958 -7.0935e-03
959 -5.6333e-03
960 -5.2718e-03
961 -5.4526e-03
962 -3.8119e-03
963 -5.0863e-03
964 -4.1757e-03
965 -3.8133e-03
966 -3.8126e-03
967 -4.3549e-03
968 -3.6298e-03
969 -5.2641e-03
970 -2.9012e-03
971 -3.4464e-03
972 -4.8993e-03
973 -4.7170e-03
974 -5.6272e-03
975 -3.2626e-03
976 -3.8071e-03
977 -4.5331e-03
978 -5.6241e-03
979 -5.4397e-03
980 -4.7144e-03
981 -7.0780e-03
982 -6.7126e-03
983 -7.4410e-03
984 -5.8045e-03
985 -6.8940e-03
986 -7.2582e-03
987 -6.8903e-03
988 -8.3485e-03
989 -8.5315e-03
990 -8.3454e-03
991 -8.7099e-03
992 -8.5269e-03
993 -9.6171e-03
994 -1.0347e-02
995 -1.0534e-02
996 -1.0716e-02
997 -1.0718e-02
998 -1.1446e-02
999 -1.1993e-02
1000 -1.2541e-02
1001 -1.3270e-02
1002 -1.4003e-02
1003 -1.3992e-02
1004 -1.4543e-02
1005 -1.4000e-02
1006 -1.5466e-02
1007 -1.5455e-02
1008 -1.5273e-02
1009 -2.1152e-02
1010 -2.1521e-02
1011 -2.1890e-02
1012 -2.2810e-02
1013 -2.2806e-02
1014 -2.3536e-02
1015 -2.4649e-02
1016 -2.5379e-02
1017 -2.4653e-02
1018 -2.6301e-02
1019 -2.6119e-02
1020 -2.5941e-02
1021 -2.7590e-02
1022 -2.8148e-02
1023 -2.7392e-02
1024 -2.8707e-02
1025 -2.8143e-02
1026 -2.8697e-02
1027 -2.9799e-02
1028 -3.0364e-02
1029 -3.0564e-02
1030 -3.0381e-02
1031 -3.2577e-02
1032 -3.1851e-02
1033 -3.2022e-02
1034 -3.3852e-02
1035 -3.3504e-02
1036 -3.4243e-02
1037 -3.4988e-02
1038 -3.4439e-02
1039 -3.5158e-02
1040 -3.5348e-02
1041 -3.6264e-02
1042 -3.7003e-02
1043 -3.6460e-02
1044 -3.7947e-02
1045 -3.5197e-02
1046 -3.3303e-02
1047 -3.2724e-02
1048 -3.5165e-02
1049 -3.6670e-02
1050 -3.7777e-02
1051 -3.6270e-02
1052 -3.8878e-02
1053 -3.9575e-02
1054 -4.1995e-02
1055 -4.1269e-02
1056 -4.5597e-02
1057 -4.3934e-02
1058 -4.5990e-02
1059 -4.6208e-02
1060 -4.5413e-02
1061 -4.7076e-02
1062 -4.9238e-02
1063 -4.7567e-02
1064 -4.6089e-02
1065 -4.3239e-02
1066 -4.4587e-02
1067 -4.4779e-02
1068 -4.5897e-02
1069 -4.5521e-02
1070 -4.6832e-02
1071 -4.3988e-02
1072 -4.4795e-02
1073 -4.4530e-02
1074 -4.4921e-02
1075 -4.8310e-02
