325 -1.9067e-01
326 3.6005e-01
327 7.3384e-01
328 6.8631e-01
329 6.7429e-01
330 7.2740e-01
331 7.8193e-01
332 6.9034e-01
333 6.6484e-01
334 7.3642e-01
335 7.5423e-01
336 7.7949e-01
337 8.6803e-01
338 8.8224e-01
339 8.1668e-01
340 7.2522e-01
341 7.4304e-01
342 8.3573e-01
343 8.2402e-01
344 7.8073e-01
345 7.9767e-01
346 7.9870e-01
347 8.0115e-01
348 8.4957e-01
349 8.7214e-01
350 8.5082e-01
351 8.0084e-01
352 7.8156e-01
353 8.1019e-01
354 7.9028e-01
355 7.6963e-01
356 8.0490e-01
357 8.1843e-01
358 8.0760e-01
359 7.9919e-01
360 8.0832e-01
361 8.3433e-01
362 8.5190e-01
363 8.4687e-01
364 8.1625e-01
365 8.2589e-01
366 8.5281e-01
367 8.4685e-01
368 8.1685e-01
369 7.8386e-01
370 8.0815e-01
371 8.3149e-01
372 8.2596e-01
373 8.3239e-01
374 8.3922e-01
375 8.2811e-01
376 8.2442e-01
377 8.2815e-01
378 8.2653e-01
379 8.2622e-01
380 8.2829e-01
381 8.2608e-01
382 8.2227e-01
383 8.1958e-01
384 8.1637e-01
385 8.1554e-01
386 8.2410e-01
387 8.2667e-01
388 8.2181e-01
389 8.2315e-01
390 8.2618e-01
391 8.2741e-01
392 8.2781e-01
393 8.2819e-01
394 8.2959e-01
395 8.3160e-01
396 8.3390e-01
397 8.3714e-01
398 8.3374e-01
399 8.2334e-01
400 8.2780e-01
401 8.3524e-01
402 8.3045e-01
403 8.3134e-01
404 8.3751e-01
405 8.3995e-01
406 8.3650e-01
407 8.2906e-01
408 8.3072e-01
409 8.3418e-01
410 8.3332e-01
411 8.3603e-01
412 8.4138e-01
413 8.4616e-01
414 8.4455e-01
415 8.3795e-01
416 8.3665e-01
417 8.3975e-01
418 8.4519e-01
419 8.4330e-01
420 8.3860e-01
421 8.3824e-01
422 8.3951e-01
423 8.4105e-01
424 8.4029e-01
425 8.4245e-01
426 8.4749e-01
427 8.4389e-01
428 8.3977e-01
429 8.4279e-01
430 8.4356e-01
431 8.4191e-01
432 8.4059e-01
433 8.4043e-01
434 8.4133e-01
435 8.4177e-01
436 8.4108e-01
437 8.3928e-01
438 8.3991e-01
439 8.4189e-01
440 8.4307e-01
441 8.4353e-01
442 8.4306e-01
443 8.4065e-01
444 8.4068e-01
445 8.4379e-01
446 8.4126e-01
447 8.3737e-01
448 8.3728e-01
449 8.3842e-01
450 8.3970e-01
451 8.3986e-01
452 8.3967e-01
453 8.3908e-01
454 8.3674e-01
455 8.3489e-01
456 8.3520e-01
457 8.3597e-01
458 8.3666e-01
459 8.3697e-01
460 8.3629e-01
461 8.3515e-01
462 8.3581e-01
463 8.3653e-01
464 8.3642e-01
465 8.3684e-01
466 8.3709e-01
467 8.3618e-01
468 8.3589e-01
469 8.3620e-01
470 8.3584e-01
471 8.3601e-01
472 8.3689e-01
473 8.3694e-01
474 8.3667e-01
475 8.3670e-01
476 8.3703e-01
477 8.3715e-01
478 8.3601e-01
479 8.3550e-01
480 8.3595e-01
481 8.3604e-01
482 8.3590e-01
483 8.3562e-01
484 8.3536e-01
485 8.3499e-01
486 8.3431e-01
487 8.3407e-01
488 8.3421e-01
489 8.3391e-01
490 8.3311e-01
491 8.3188e-01
492 8.3090e-01
493 8.3007e-01
494 8.2916e-01
495 8.2790e-01
496 8.2621e-01
497 8.2399e-01
498 8.2202e-01
499 8.2038e-01
500 8.1791e-01
501 8.1565e-01
502 8.1426e-01
503 8.1107e-01
504 8.0668e-01
505 8.0282e-01
506 7.9911e-01
507 7.9548e-01
508 7.9190e-01
509 7.8770e-01
510 7.8263e-01
511 7.7782e-01
512 7.7297e-01
513 7.6756e-01
514 7.6144e-01
515 7.5505e-01
516 7.4962e-01
517 7.4401e-01
518 7.3776e-01
519 7.3106e-01
520 7.2443e-01
521 7.1833e-01
522 7.1238e-01
523 7.0666e-01
524 7.0149e-01
525 6.9669e-01
526 6.9206e-01
527 6.8693e-01
528 6.8247e-01
529 6.7927e-01
530 6.7543e-01
531 6.7155e-01
532 6.6888e-01
533 6.6638e-01
534 6.6401e-01
535 6.6243e-01
536 6.6118e-01
537 6.5996e-01
538 6.5860e-01
539 6.5729e-01
540 6.5628e-01
541 6.5541e-01
542 6.5464e-01
543 6.5395e-01
544 6.5344e-01
545 6.5306e-01
546 6.5254e-01
547 6.5180e-01
548 6.5087e-01
549 6.5060e-01
550 6.5079e-01
551 6.5084e-01
552 6.5123e-01
553 6.5193e-01
554 6.5252e-01
555 6.5312e-01
556 6.5391e-01
557 6.5555e-01
558 6.5766e-01
559 6.5975e-01
560 6.6228e-01
561 6.6528e-01
562 6.6867e-01
563 6.7176e-01
564 6.7455e-01
565 6.7860e-01
566 6.8287e-01
567 6.8641e-01
568 6.9016e-01
569 6.9410e-01
570 6.9792e-01
571 7.0175e-01
572 7.0566e-01
573 7.0978e-01
574 7.1349e-01
575 7.1643e-01
576 7.1935e-01
577 7.2226e-01
578 7.2510e-01
579 7.2793e-01
580 7.3061e-01
581 7.3268e-01
582 7.3457e-01
583 7.3651e-01
584 7.3854e-01
585 7.4045e-01
586 7.4202e-01
587 7.4362e-01
588 7.4526e-01
589 7.4683e-01
590 7.4830e-01
591 7.4964e-01
592 7.5088e-01
593 7.5178e-01
594 7.5225e-01
595 7.5317e-01
596 7.5441e-01
597 7.5544e-01
598 7.5616e-01
599 7.5669e-01
600 7.5770e-01
601 7.5869e-01
602 7.5941e-01
603 7.6045e-01
604 7.6181e-01
605 7.6339e-01
606 7.6463e-01
607 7.6567e-01
608 7.6718e-01
609 7.6897e-01
610 7.7089e-01
611 7.7250e-01
612 7.7411e-01
613 7.7597e-01
614 7.7747e-01
615 7.7862e-01
616 7.7969e-01
617 7.8088e-01
618 7.8212e-01
619 7.8285e-01
620 7.8356e-01
621 7.8448e-01
622 7.8506e-01
623 7.8544e-01
624 7.8588e-01
625 7.8644e-01
626 7.8697e-01
627 7.8691e-01
628 7.8712e-01
629 7.8783e-01
630 7.8788e-01
631 7.8804e-01
632 7.8914e-01
633 7.9036e-01
634 7.9157e-01
635 7.9279e-01
636 7.9421e-01
637 7.9594e-01
638 7.9820e-01
639 8.0070e-01
640 8.0316e-01
641 8.0529e-01
642 8.0738e-01
643 8.1004e-01
644 8.1260e-01
645 8.1487e-01
646 8.1707e-01
647 8.1889e-01
648 8.2020e-01
649 8.2137e-01
650 8.2254e-01
651 8.2381e-01
652 8.2438e-01
653 8.2452e-01
654 8.2534e-01
655 8.2634e-01
656 8.2733e-01
657 8.2829e-01
658 8.2928e-01
659 8.3037e-01
660 8.3144e-01
661 8.3252e-01
662 8.3378e-01
663 8.3479e-01
664 8.3552e-01
665 8.3629e-01
666 8.3704e-01
667 8.3773e-01
668 8.3814e-01
669 8.3829e-01
670 8.3826e-01
671 8.3821e-01
672 8.3806e-01
673 8.3745e-01
674 8.3680e-01
675 8.3618e-01
676 8.3473e-01
677 8.3311e-01
678 8.3204e-01
679 8.3075e-01
680 8.2904e-01
681 8.2685e-01
682 8.2430e-01
683 8.2134e-01
684 8.1760e-01
685 8.1331e-01
686 8.0856e-01
687 8.0303e-01
688 7.9651e-01
689 7.8874e-01
690 7.7988e-01
691 7.6991e-01
692 7.5871e-01
693 7.4638e-01
694 7.3294e-01
695 7.1817e-01
696 7.0232e-01
697 6.8569e-01
698 6.6808e-01
699 6.4967e-01
700 6.3080e-01
701 6.1162e-01
702 5.9221e-01
703 5.7249e-01
704 5.5261e-01
705 5.3276e-01
706 5.1294e-01
707 4.9304e-01
708 4.7289e-01
709 4.5231e-01
710 4.3134e-01
711 4.1037e-01
712 3.8930e-01
713 3.6809e-01
714 3.4679e-01
715 3.2518e-01
716 3.0298e-01
717 2.8055e-01
718 2.5799e-01
719 2.3536e-01
720 2.1272e-01
721 1.9012e-01
722 1.6743e-01
723 1.4469e-01
724 1.2196e-01
725 9.9540e-02
726 7.7534e-02
727 5.5990e-02
728 3.5038e-02
729 1.4557e-02
730 -5.9376e-03
731 -2.5861e-02
732 -4.4814e-02
733 -6.3335e-02
734 -8.1343e-02
735 -9.8596e-02
736 -1.1516e-01
737 -1.3097e-01
738 -1.4587e-01
739 -1.6020e-01
740 -1.7407e-01
741 -1.8715e-01
742 -1.9917e-01
743 -2.0989e-01
744 -2.2042e-01
745 -2.3069e-01
746 -2.3978e-01
747 -2.4821e-01
748 -2.5615e-01
749 -2.6363e-01
750 -2.7039e-01
751 -2.7629e-01
752 -2.8186e-01
753 -2.8714e-01
754 -2.9205e-01
755 -2.9620e-01
756 -2.9968e-01
757 -3.0339e-01
758 -3.0671e-01
759 -3.0934e-01
760 -3.1177e-01
761 -3.1412e-01
762 -3.1640e-01
763 -3.1848e-01
764 -3.2024e-01
765 -3.2137e-01
766 -3.2250e-01
767 -3.2383e-01
768 -3.2494e-01
769 -3.2582e-01
770 -3.2651e-01
771 -3.2728e-01
772 -3.2816e-01
773 -3.2908e-01
774 -3.2975e-01
775 -3.3011e-01
776 -3.3040e-01
777 -3.3074e-01
778 -3.3122e-01
779 -3.3190e-01
780 -3.3260e-01
781 -3.3310e-01
782 -3.3325e-01
783 -3.3320e-01
784 -3.3345e-01
785 -3.3385e-01
786 -3.3430e-01
787 -3.3455e-01
788 -3.3484e-01
789 -3.3543e-01
790 -3.3555e-01
791 -3.3545e-01
792 -3.3618e-01
793 -3.3659e-01
794 -3.3651e-01
795 -3.3718e-01
796 -3.3776e-01
797 -3.3753e-01
798 -3.3728e-01
799 -3.3735e-01
800 -3.3811e-01
801 -3.3862e-01
802 -3.3874e-01
803 -3.3915e-01
804 -3.3934e-01
805 -3.3910e-01
806 -3.3911e-01
807 -3.3925e-01
808 -3.3930e-01
809 -3.3952e-01
810 -3.3994e-01
811 -3.4052e-01
812 -3.4098e-01
813 -3.4124e-01
814 -3.4163e-01
815 -3.4217e-01
816 -3.4284e-01
817 -3.4336e-01
818 -3.4354e-01
819 -3.4309e-01
820 -3.4311e-01
821 -3.4377e-01
822 -3.4415e-01
823 -3.4408e-01
824 -3.4363e-01
825 -3.4433e-01
826 -3.4544e-01
827 -3.4551e-01
828 -3.4566e-01
829 -3.4604e-01
830 -3.4619e-01
831 -3.4647e-01
832 -3.4700e-01
833 -3.4720e-01
834 -3.4718e-01
835 -3.4711e-01
836 -3.4736e-01
837 -3.4779e-01
838 -3.4778e-01
839 -3.4841e-01
840 -3.4973e-01
841 -3.5007e-01
842 -3.5010e-01
843 -3.5045e-01
844 -3.5116e-01
845 -3.5183e-01
846 -3.5170e-01
847 -3.5221e-01
848 -3.5331e-01
849 -3.5330e-01
850 -3.5332e-01
851 -3.5392e-01
852 -3.5398e-01
853 -3.5408e-01
854 -3.5502e-01
855 -3.5565e-01
856 -3.5583e-01
857 -3.5590e-01
858 -3.5629e-01
859 -3.5699e-01
860 -3.5673e-01
861 -3.5650e-01
862 -3.5724e-01
863 -3.5801e-01
864 -3.5830e-01
865 -3.5733e-01
866 -3.5719e-01
867 -3.5814e-01
868 -3.5831e-01
869 -3.5842e-01
870 -3.5892e-01
871 -3.5906e-01
872 -3.5893e-01
873 -3.5886e-01
874 -3.5887e-01
875 -3.5894e-01
876 -3.5881e-01
877 -3.5898e-01
878 -3.5959e-01
879 -3.6008e-01
880 -3.6038e-01
881 -3.6047e-01
882 -3.6018e-01
883 -3.5983e-01
884 -3.6036e-01
885 -3.6044e-01
886 -3.5986e-01
887 -3.5983e-01
888 -3.6007e-01
889 -3.6032e-01
890 -3.6075e-01
891 -3.6094e-01
892 -3.6008e-01
893 -3.6016e-01
894 -3.6114e-01
895 -3.6073e-01
896 -3.6040e-01
897 -3.6079e-01
898 -3.6010e-01
899 -3.5946e-01
900 -3.6043e-01
901 -3.6106e-01
902 -3.6101e-01
903 -3.6068e-01
904 -3.6012e-01
905 -3.5954e-01
906 -3.5972e-01
907 -3.6034e-01
908 -3.6100e-01
909 -3.6070e-01
910 -3.6003e-01
911 -3.6060e-01
912 -3.6087e-01
913 -3.6055e-01
914 -3.6032e-01
915 -3.6003e-01
916 -3.5963e-01
917 -3.5974e-01
918 -3.5970e-01
919 -3.5848e-01
920 -3.5943e-01
921 -3.6172e-01
922 -3.6006e-01
923 -3.5828e-01
924 -3.5807e-01
925 -3.5787e-01
926 -3.5775e-01
927 -3.5782e-01
928 -3.5697e-01
929 -3.5541e-01
930 -3.5400e-01
931 -3.5385e-01
932 -3.5488e-01
933 -3.5451e-01
934 -3.5423e-01
935 -3.5499e-01
936 -3.5370e-01
937 -3.5150e-01
938 -3.5104e-01
939 -3.5100e-01
940 -3.5054e-01
941 -3.4804e-01
942 -3.4604e-01
943 -3.4577e-01
944 -3.4488e-01
945 -3.4382e-01
946 -3.4338e-01
947 -3.4072e-01
948 -3.3701e-01
949 -3.3717e-01
950 -3.3792e-01
951 -3.3769e-01
952 -3.3571e-01
953 -3.3294e-01
954 -3.3039e-01
955 -3.2887e-01
956 -3.2789e-01
957 -3.2623e-01
958 -3.2373e-01
959 -3.2102e-01
960 -3.2059e-01
961 -3.2171e-01
962 -3.2328e-01
963 -3.2143e-01
964 -3.1865e-01
965 -3.1918e-01
966 -3.1922e-01
967 -3.1805e-01
968 -3.1625e-01
969 -3.1527e-01
970 -3.1584e-01
971 -3.1737e-01
972 -3.1842e-01
973 -3.1769e-01
974 -3.1838e-01
975 -3.2023e-01
976 -3.2129e-01
977 -3.2066e-01
978 -3.1924e-01
979 -3.2267e-01
980 -3.2645e-01
981 -3.2687e-01
982 -3.2569e-01
983 -3.2363e-01
984 -3.2148e-01
985 -3.2191e-01
986 -3.2468e-01
987 -3.2619e-01
988 -3.2618e-01
989 -3.2500e-01
990 -3.2665e-01
991 -3.2865e-01
992 -3.2756e-01
993 -3.2801e-01
994 -3.3006e-01
995 -3.3099e-01
996 -3.3252e-01
997 -3.3418e-01
998 -3.3019e-01
999 -3.2816e-01
1000 -3.3421e-01
1001 -3.3516e-01
1002 -3.3297e-01
1003 -3.3606e-01
1004 -3.3891e-01
1005 -3.3996e-01
1006 -3.3965e-01
1007 -3.4003e-01
1008 -3.4186e-01
1009 -3.3924e-01
1010 -3.3675e-01
1011 -3.4179e-01
1012 -3.4458e-01
1013 -3.4450e-01
1014 -3.4763e-01
1015 -3.4969e-01
1016 -3.4956e-01
1017 -3.5239e-01
1018 -3.5546e-01
1019 -3.5549e-01
1020 -3.5288e-01
1021 -3.4981e-01
1022 -3.5087e-01
1023 -3.5267e-01
1024 -3.5400e-01
1025 -3.5538e-01
1026 -3.5592e-01
1027 -3.5477e-01
1028 -3.5012e-01
1029 -3.4832e-01
1030 -3.6011e-01
1031 -3.6439e-01
1032 -3.5790e-01
1033 -3.5023e-01
1034 -3.5093e-01
1035 -3.6150e-01
1036 -3.5187e-01
1037 -3.4263e-01
1038 -3.6080e-01
1039 -3.7254e-01
1040 -3.7065e-01
1041 -3.5793e-01
1042 -3.4674e-01
1043 -3.4238e-01
1044 -3.4101e-01
1045 -3.4593e-01
1046 -3.5954e-01
1047 -3.7534e-01
1048 -3.8686e-01
1049 -3.8531e-01
1050 -3.7580e-01
1051 -3.6502e-01
1052 -3.7265e-01
1053 -3.8051e-01
1054 -3.7652e-01
1055 -3.7073e-01
1056 -3.6904e-01
1057 -3.7830e-01
1058 -3.7551e-01
1059 -3.6272e-01
1060 -3.6451e-01
1061 -3.6337e-01
1062 -3.5458e-01
1063 -3.5447e-01
1064 -3.5959e-01
1065 -3.6428e-01
1066 -3.6606e-01
1067 -3.6304e-01
1068 -3.5155e-01
1069 -3.4774e-01
1070 -3.5669e-01
1071 -3.7213e-01
1072 -3.7503e-01
1073 -3.5445e-01
1074 -3.4970e-01
1075 -3.6200e-01
