325 -2.9727e-02
326 4.9902e-01
327 7.1696e-01
328 6.5430e-01
329 7.6606e-01
330 8.1543e-01
331 8.1144e-01
332 7.4480e-01
333 7.1659e-01
334 7.6445e-01
335 8.0745e-01
336 8.4519e-01
337 9.3677e-01
338 9.4912e-01
339 8.6993e-01
340 8.2178e-01
341 8.5776e-01
342 9.3446e-01
343 9.1927e-01
344 8.9743e-01
345 9.2254e-01
346 9.1294e-01
347 8.9191e-01
348 9.2007e-01
349 9.4337e-01
350 9.2813e-01
351 8.9044e-01
352 8.7162e-01
353 8.8834e-01
354 9.0099e-01
355 9.1083e-01
356 9.2441e-01
357 9.1823e-01
358 8.9921e-01
359 8.8954e-01
360 9.0179e-01
361 9.3346e-01
362 9.5477e-01
363 9.5504e-01
364 9.1465e-01
365 9.1798e-01
366 9.4774e-01
367 9.5715e-01
368 9.3487e-01
369 8.9938e-01
370 9.2309e-01
371 9.4189e-01
372 9.2717e-01
373 9.3688e-01
374 9.4997e-01
375 9.3476e-01
376 9.2992e-01
377 9.3586e-01
378 9.3460e-01
379 9.3348e-01
380 9.3452e-01
381 9.3453e-01
382 9.3398e-01
383 9.3317e-01
384 9.2633e-01
385 9.1970e-01
386 9.2783e-01
387 9.3091e-01
388 9.2658e-01
389 9.3025e-01
390 9.3445e-01
391 9.3398e-01
392 9.3378e-01
393 9.3383e-01
394 9.3305e-01
395 9.3359e-01
396 9.3604e-01
397 9.4201e-01
398 9.3984e-01
399 9.2733e-01
400 9.2844e-01
401 9.3612e-01
402 9.3965e-01
403 9.4016e-01
404 9.3930e-01
405 9.4229e-01
406 9.3964e-01
407 9.3132e-01
408 9.3256e-01
409 9.3644e-01
410 9.3675e-01
411 9.3817e-01
412 9.4013e-01
413 9.4071e-01
414 9.3847e-01
415 9.3460e-01
416 9.3375e-01
417 9.3710e-01
418 9.4373e-01
419 9.4337e-01
420 9.3892e-01
421 9.3564e-01
422 9.3685e-01
423 9.4043e-01
424 9.3756e-01
425 9.3897e-01
426 9.4609e-01
427 9.4305e-01
428 9.3867e-01
429 9.4161e-01
430 9.4267e-01
431 9.4095e-01
432 9.3741e-01
433 9.3630e-01
434 9.3825e-01
435 9.4056e-01
436 9.4086e-01
437 9.3832e-01
438 9.3876e-01
439 9.4072e-01
440 9.4097e-01
441 9.4177e-01
442 9.4257e-01
443 9.3993e-01
444 9.3971e-01
445 9.4330e-01
446 9.4175e-01
447 9.3887e-01
448 9.3934e-01
449 9.4046e-01
450 9.4150e-01
451 9.4201e-01
452 9.4228e-01
453 9.4208e-01
454 9.3989e-01
455 9.3821e-01
456 9.3894e-01
457 9.4038e-01
458 9.4153e-01
459 9.4130e-01
460 9.4055e-01
461 9.3992e-01
462 9.4063e-01
463 9.4153e-01
464 9.4188e-01
465 9.4176e-01
466 9.4147e-01
467 9.4141e-01
468 9.4105e-01
469 9.4042e-01
470 9.3974e-01
471 9.3992e-01
472 9.4102e-01
473 9.4121e-01
474 9.4129e-01
475 9.4210e-01
476 9.4301e-01
477 9.4334e-01
478 9.4180e-01
479 9.4093e-01
480 9.4124e-01
481 9.4119e-01
482 9.4108e-01
483 9.4118e-01
484 9.4157e-01
485 9.4184e-01
486 9.4136e-01
487 9.4108e-01
488 9.4121e-01
489 9.4166e-01
490 9.4156e-01
491 9.4067e-01
492 9.4027e-01
493 9.4040e-01
494 9.4089e-01
495 9.4078e-01
496 9.4008e-01
497 9.3935e-01
498 9.3864e-01
499 9.3800e-01
500 9.3748e-01
501 9.3725e-01
502 9.3732e-01
503 9.3589e-01
504 9.3353e-01
505 9.3168e-01
506 9.3012e-01
507 9.2878e-01
508 9.2749e-01
509 9.2565e-01
510 9.2298e-01
511 9.2013e-01
512 9.1722e-01
513 9.1428e-01
514 9.1026e-01
515 9.0551e-01
516 9.0159e-01
517 8.9740e-01
518 8.9259e-01
519 8.8759e-01
520 8.8238e-01
521 8.7697e-01
522 8.7175e-01
523 8.6676e-01
524 8.6190e-01
525 8.5731e-01
526 8.5289e-01
527 8.4808e-01
528 8.4374e-01
529 8.4039e-01
530 8.3714e-01
531 8.3397e-01
532 8.3100e-01
533 8.2837e-01
534 8.2614e-01
535 8.2434e-01
536 8.2291e-01
537 8.2172e-01
538 8.2017e-01
539 8.1866e-01
540 8.1764e-01
541 8.1695e-01
542 8.1636e-01
543 8.1539e-01
544 8.1471e-01
545 8.1444e-01
546 8.1417e-01
547 8.1341e-01
548 8.1200e-01
549 8.1179e-01
550 8.1225e-01
551 8.1200e-01
552 8.1195e-01
553 8.1234e-01
554 8.1326e-01
555 8.1422e-01
556 8.1506e-01
557 8.1651e-01
558 8.1842e-01
559 8.2054e-01
560 8.2312e-01
561 8.2612e-01
562 8.2945e-01
563 8.3245e-01
564 8.3514e-01
565 8.3899e-01
566 8.4312e-01
567 8.4666e-01
568 8.5021e-01
569 8.5374e-01
570 8.5703e-01
571 8.6050e-01
572 8.6420e-01
573 8.6793e-01
574 8.7116e-01
575 8.7362e-01
576 8.7612e-01
577 8.7867e-01
578 8.8115e-01
579 8.8348e-01
580 8.8560e-01
581 8.8735e-01
582 8.8881e-01
583 8.9010e-01
584 8.9170e-01
585 8.9324e-01
586 8.9434e-01
587 8.9555e-01
588 8.9690e-01
589 8.9822e-01
590 8.9924e-01
591 8.9998e-01
592 9.0102e-01
593 9.0173e-01
594 9.0171e-01
595 9.0215e-01
596 9.0303e-01
597 9.0397e-01
598 9.0427e-01
599 9.0406e-01
600 9.0469e-01
601 9.0538e-01
602 9.0570e-01
603 9.0640e-01
604 9.0743e-01
605 9.0863e-01
606 9.0968e-01
607 9.1054e-01
608 9.1134e-01
609 9.1267e-01
610 9.1455e-01
611 9.1581e-01
612 9.1688e-01
613 9.1818e-01
614 9.1912e-01
615 9.1975e-01
616 9.2039e-01
617 9.2096e-01
618 9.2143e-01
619 9.2161e-01
620 9.2188e-01
621 9.2238e-01
622 9.2256e-01
623 9.2256e-01
624 9.2266e-01
625 9.2297e-01
626 9.2329e-01
627 9.2300e-01
628 9.2304e-01
629 9.2365e-01
630 9.2356e-01
631 9.2350e-01
632 9.2429e-01
633 9.2505e-01
634 9.2567e-01
635 9.2624e-01
636 9.2677e-01
637 9.2739e-01
638 9.2858e-01
639 9.2989e-01
640 9.3091e-01
641 9.3161e-01
642 9.3229e-01
643 9.3343e-01
644 9.3439e-01
645 9.3508e-01
646 9.3589e-01
647 9.3644e-01
648 9.3659e-01
649 9.3678e-01
650 9.3709e-01
651 9.3751e-01
652 9.3744e-01
653 9.3704e-01
654 9.3703e-01
655 9.3729e-01
656 9.3773e-01
657 9.3800e-01
658 9.3807e-01
659 9.3797e-01
660 9.3798e-01
661 9.3803e-01
662 9.3788e-01
663 9.3776e-01
664 9.3766e-01
665 9.3725e-01
666 9.3677e-01
667 9.3638e-01
668 9.3587e-01
669 9.3534e-01
670 9.3497e-01
671 9.3449e-01
672 9.3376e-01
673 9.3259e-01
674 9.3163e-01
675 9.3100e-01
676 9.2962e-01
677 9.2809e-01
678 9.2713e-01
679 9.2619e-01
680 9.2514e-01
681 9.2390e-01
682 9.2272e-01
683 9.2154e-01
684 9.1988e-01
685 9.1828e-01
686 9.1709e-01
687 9.1558e-01
688 9.1344e-01
689 9.1037e-01
690 9.0649e-01
691 9.0167e-01
692 8.9562e-01
693 8.8807e-01
694 8.7881e-01
695 8.6772e-01
696 8.5481e-01
697 8.4009e-01
698 8.2359e-01
699 8.0545e-01
700 7.8587e-01
701 7.6519e-01
702 7.4363e-01
703 7.2121e-01
704 6.9800e-01
705 6.7412e-01
706 6.5002e-01
707 6.2556e-01
708 6.0028e-01
709 5.7435e-01
710 5.4793e-01
711 5.2138e-01
712 4.9457e-01
713 4.6742e-01
714 4.4006e-01
715 4.1231e-01
716 3.8400e-01
717 3.5542e-01
718 3.2669e-01
719 2.9792e-01
720 2.6914e-01
721 2.4042e-01
722 2.1190e-01
723 1.8347e-01
724 1.5507e-01
725 1.2713e-01
726 9.9858e-02
727 7.3549e-02
728 4.7866e-02
729 2.2644e-02
730 -2.0756e-03
731 -2.5999e-02
732 -4.8927e-02
733 -7.1120e-02
734 -9.2476e-02
735 -1.1279e-01
736 -1.3216e-01
737 -1.5058e-01
738 -1.6793e-01
739 -1.8451e-01
740 -2.0047e-01
741 -2.1553e-01
742 -2.2938e-01
743 -2.4169e-01
744 -2.5362e-01
745 -2.6510e-01
746 -2.7523e-01
747 -2.8464e-01
748 -2.9353e-01
749 -3.0163e-01
750 -3.0897e-01
751 -3.1565e-01
752 -3.2198e-01
753 -3.2786e-01
754 -3.3306e-01
755 -3.3738e-01
756 -3.4104e-01
757 -3.4484e-01
758 -3.4836e-01
759 -3.5134e-01
760 -3.5400e-01
761 -3.5646e-01
762 -3.5887e-01
763 -3.6102e-01
764 -3.6282e-01
765 -3.6411e-01
766 -3.6537e-01
767 -3.6671e-01
768 -3.6761e-01
769 -3.6836e-01
770 -3.6927e-01
771 -3.7018e-01
772 -3.7101e-01
773 -3.7166e-01
774 -3.7222e-01
775 -3.7270e-01
776 -3.7295e-01
777 -3.7321e-01
778 -3.7367e-01
779 -3.7422e-01
780 -3.7475e-01
781 -3.7516e-01
782 -3.7552e-01
783 -3.7582e-01
784 -3.7593e-01
785 -3.7615e-01
786 -3.7655e-01
787 -3.7672e-01
788 -3.7701e-01
789 -3.7781e-01
790 -3.7801e-01
791 -3.7779e-01
792 -3.7821e-01
793 -3.7859e-01
794 -3.7882e-01
795 -3.7940e-01
796 -3.7988e-01
797 -3.7986e-01
798 -3.7943e-01
799 -3.7925e-01
800 -3.8040e-01
801 -3.8112e-01
802 -3.8118e-01
803 -3.8177e-01
804 -3.8202e-01
805 -3.8155e-01
806 -3.8157e-01
807 -3.8181e-01
808 -3.8173e-01
809 -3.8192e-01
810 -3.8237e-01
811 -3.8276e-01
812 -3.8317e-01
813 -3.8361e-01
814 -3.8401e-01
815 -3.8450e-01
816 -3.8518e-01
817 -3.8569e-01
818 -3.8586e-01
819 -3.8546e-01
820 -3.8560e-01
821 -3.8642e-01
822 -3.8686e-01
823 -3.8679e-01
824 -3.8635e-01
825 -3.8707e-01
826 -3.8820e-01
827 -3.8832e-01
828 -3.8851e-01
829 -3.8887e-01
830 -3.8889e-01
831 -3.8922e-01
832 -3.9000e-01
833 -3.9006e-01
834 -3.8991e-01
835 -3.9027e-01
836 -3.9057e-01
837 -3.9075e-01
838 -3.9084e-01
839 -3.9148e-01
840 -3.9266e-01
841 -3.9316e-01
842 -3.9333e-01
843 -3.9359e-01
844 -3.9439e-01
845 -3.9520e-01
846 -3.9490e-01
847 -3.9538e-01
848 -3.9665e-01
849 -3.9663e-01
850 -3.9665e-01
851 -3.9736e-01
852 -3.9764e-01
853 -3.9784e-01
854 -3.9854e-01
855 -3.9911e-01
856 -3.9943e-01
857 -3.9949e-01
858 -3.9981e-01
859 -4.0041e-01
860 -4.0010e-01
861 -3.9991e-01
862 -4.0080e-01
863 -4.0164e-01
864 -4.0194e-01
865 -4.0103e-01
866 -4.0086e-01
867 -4.0169e-01
868 -4.0172e-01
869 -4.0179e-01
870 -4.0242e-01
871 -4.0268e-01
872 -4.0263e-01
873 -4.0255e-01
874 -4.0237e-01
875 -4.0218e-01
876 -4.0227e-01
877 -4.0241e-01
878 -4.0258e-01
879 -4.0334e-01
880 -4.0398e-01
881 -4.0371e-01
882 -4.0329e-01
883 -4.0305e-01
884 -4.0349e-01
885 -4.0346e-01
886 -4.0286e-01
887 -4.0317e-01
888 -4.0342e-01
889 -4.0292e-01
890 -4.0362e-01
891 -4.0446e-01
892 -4.0310e-01
893 -4.0285e-01
894 -4.0395e-01
895 -4.0376e-01
896 -4.0330e-01
897 -4.0303e-01
898 -4.0199e-01
899 -4.0153e-01
900 -4.0333e-01
901 -4.0393e-01
902 -4.0316e-01
903 -4.0285e-01
904 -4.0295e-01
905 -4.0337e-01
906 -4.0315e-01
907 -4.0320e-01
908 -4.0424e-01
909 -4.0387e-01
910 -4.0277e-01
911 -4.0319e-01
912 -4.0352e-01
913 -4.0338e-01
914 -4.0332e-01
915 -4.0269e-01
916 -4.0134e-01
917 -4.0170e-01
918 -4.0234e-01
919 -4.0075e-01
920 -4.0145e-01
921 -4.0379e-01
922 -4.0201e-01
923 -4.0053e-01
924 -4.0112e-01
925 -4.0115e-01
926 -4.0078e-01
927 -4.0032e-01
928 -3.9935e-01
929 -3.9800e-01
930 -3.9665e-01
931 -3.9659e-01
932 -3.9767e-01
933 -3.9699e-01
934 -3.9620e-01
935 -3.9649e-01
936 -3.9562e-01
937 -3.9429e-01
938 -3.9426e-01
939 -3.9393e-01
940 -3.9275e-01
941 -3.9025e-01
942 -3.8871e-01
943 -3.8903e-01
944 -3.8802e-01
945 -3.8666e-01
946 -3.8647e-01
947 -3.8445e-01
948 -3.8131e-01
949 -3.8078e-01
950 -3.8088e-01
951 -3.8061e-01
952 -3.7889e-01
953 -3.7653e-01
954 -3.7441e-01
955 -3.7255e-01
956 -3.7100e-01
957 -3.6991e-01
958 -3.6709e-01
959 -3.6303e-01
960 -3.6199e-01
961 -3.6358e-01
962 -3.6665e-01
963 -3.6537e-01
964 -3.6205e-01
965 -3.6117e-01
966 -3.6109e-01
967 -3.6123e-01
968 -3.6082e-01
969 -3.6028e-01
970 -3.5991e-01
971 -3.6018e-01
972 -3.6103e-01
973 -3.6226e-01
974 -3.6305e-01
975 -3.6341e-01
976 -3.6402e-01
977 -3.6283e-01
978 -3.6027e-01
979 -3.6081e-01
980 -3.6443e-01
981 -3.7005e-01
982 -3.7008e-01
983 -3.6638e-01
984 -3.6416e-01
985 -3.6415e-01
986 -3.6591e-01
987 -3.6622e-01
988 -3.6679e-01
989 -3.6834e-01
990 -3.6924e-01
991 -3.6954e-01
992 -3.6956e-01
993 -3.7005e-01
994 -3.7143e-01
995 -3.7446e-01
996 -3.7661e-01
997 -3.7644e-01
998 -3.7222e-01
999 -3.6993e-01
1000 -3.7430e-01
1001 -3.7570e-01
1002 -3.7467e-01
1003 -3.7556e-01
1004 -3.7980e-01
1005 -3.8541e-01
1006 -3.8189e-01
1007 -3.7916e-01
1008 -3.8271e-01
1009 -3.8102e-01
1010 -3.7782e-01
1011 -3.8034e-01
1012 -3.8393e-01
1013 -3.8701e-01
1014 -3.8834e-01
1015 -3.8947e-01
1016 -3.9110e-01
1017 -3.9299e-01
1018 -3.9449e-01
1019 -3.9484e-01
1020 -3.9238e-01
1021 -3.8934e-01
1022 -3.9150e-01
1023 -3.9259e-01
1024 -3.9142e-01
1025 -3.9263e-01
1026 -3.9612e-01
1027 -4.0048e-01
1028 -3.9504e-01
1029 -3.8871e-01
1030 -3.9874e-01
1031 -4.0453e-01
1032 -4.0196e-01
1033 -3.9715e-01
1034 -3.9654e-01
1035 -4.0085e-01
1036 -3.8673e-01
1037 -3.7732e-01
1038 -4.0136e-01
1039 -4.1459e-01
1040 -4.0920e-01
1041 -3.9301e-01
1042 -3.8538e-01
1043 -3.9091e-01
1044 -3.8705e-01
1045 -3.8753e-01
1046 -4.0387e-01
1047 -4.1304e-01
1048 -4.1391e-01
1049 -4.1287e-01
1050 -4.1028e-01
1051 -4.0854e-01
1052 -4.1525e-01
1053 -4.1996e-01
1054 -4.1560e-01
1055 -4.0612e-01
1056 -4.0163e-01
1057 -4.1581e-01
1058 -4.1405e-01
1059 -3.9797e-01
1060 -4.0125e-01
1061 -3.9647e-01
1062 -3.7857e-01
1063 -3.8974e-01
1064 -4.0381e-01
1065 -3.9062e-01
1066 -3.8225e-01
1067 -3.8136e-01
1068 -3.7908e-01
1069 -3.8240e-01
1070 -3.9341e-01
1071 -4.1424e-01
1072 -4.2268e-01
1073 -4.0389e-01
1074 -3.9190e-01
1075 -3.9207e-01
