350 1.0096e-02
351 9.5604e-03
352 -1.8501e-02
353 -4.3265e-03
354 4.0330e-03
355 7.6033e-03
356 -3.6550e-03
357 -6.8478e-03
358 -6.5811e-03
359 -9.3593e-03
360 5.9022e-03
361 1.3936e-02
362 -2.6719e-03
363 -5.0989e-03
364 0.0000e+00
365 4.6714e-03
366 -2.2142e-03
367 4.2403e-03
368 0.0000e+00
369 0.0000e+00
370 3.6249e-03
371 6.8531e-03
372 4.8877e-03
373 1.5445e-03
374 1.4586e-03
375 4.1569e-03
376 1.3025e-03
377 -1.2513e-03
378 2.3739e-03
379 3.3627e-03
380 -1.0550e-03
381 2.0031e-03
382 4.7040e-03
383 3.5693e-03
384 3.3594e-03
385 3.1661e-03
386 2.2589e-03
387 2.8380e-03
388 2.6763e-03
389 6.9882e-03
390 4.2045e-03
391 2.2844e-03
392 5.4320e-03
393 3.0948e-03
394 4.9213e-03
395 4.7029e-03
396 4.9648e-03
397 3.8896e-03
398 4.9632e-03
399 4.7667e-03
400 4.5671e-03
401 4.0250e-03
402 4.5561e-03
403 4.3839e-03
404 3.5579e-03
405 4.0495e-03
406 3.2850e-03
407 4.5997e-03
408 3.8640e-03
409 4.2558e-03
410 3.8465e-03
411 3.9523e-03
412 3.3397e-03
413 4.1582e-03
414 3.5831e-03
415 3.8935e-03
416 3.5674e-03
417 3.2587e-03
418 3.3668e-03
419 3.4195e-03
420 3.3099e-03
421 3.0247e-03
422 3.2888e-03
423 3.3679e-03
424 3.1195e-03
425 3.5265e-03
426 3.2888e-03
427 3.3757e-03
428 3.1600e-03
429 2.8101e-03
430 3.0543e-03
431 2.7274e-03
432 3.1167e-03
433 2.9369e-03
434 3.0447e-03
435 3.2884e-03
436 3.3875e-03
437 3.0829e-03
438 3.1841e-03
439 3.2758e-03
440 3.3715e-03
441 3.4642e-03
442 3.8084e-03
443 3.2747e-03
444 3.2447e-03
445 4.0866e-03
446 3.8052e-03
447 3.6547e-03
448 3.7478e-03
449 4.1995e-03
450 4.5230e-03
451 4.2477e-03
452 4.7940e-03
453 4.8619e-03
454 5.1532e-03
455 5.4277e-03
456 5.5765e-03
457 5.8209e-03
458 5.2901e-03
459 6.1481e-03
460 5.8191e-03
461 6.0000e-03
462 5.8598e-03
463 5.9116e-03
464 5.9519e-03
465 5.9737e-03
466 6.0801e-03
467 6.0843e-03
468 6.5002e-03
469 6.1520e-03
470 6.2067e-03
471 6.3057e-03
472 6.3913e-03
473 6.4992e-03
474 6.5218e-03
475 6.9468e-03
476 7.0149e-03
477 7.2105e-03
478 7.3297e-03
479 7.1922e-03
480 7.4282e-03
481 7.5353e-03
482 7.5695e-03
483 7.4851e-03
484 7.7937e-03
485 7.8864e-03
486 7.9689e-03
487 8.2120e-03
488 8.3352e-03
489 8.5486e-03
490 8.7672e-03
491 9.1140e-03
492 9.5808e-03
493 1.0047e-02
494 1.0494e-02
495 1.1102e-02
496 1.1605e-02
497 1.2570e-02
498 1.3202e-02
499 1.4381e-02
500 1.5185e-02
501 1.6603e-02
502 1.7884e-02
503 1.9411e-02
504 2.1204e-02
505 2.3135e-02
506 2.5087e-02
507 2.7380e-02
508 3.0020e-02
509 3.2656e-02
510 3.5802e-02
511 3.8998e-02
512 4.2580e-02
513 4.6188e-02
514 5.0171e-02
515 5.4603e-02
516 5.9005e-02
517 6.3521e-02
518 6.8146e-02
519 7.2914e-02
520 7.7500e-02
521 8.2296e-02
522 8.7187e-02
523 9.1789e-02
524 9.6183e-02
525 1.0053e-01
526 1.0458e-01
527 1.0828e-01
528 1.1175e-01
529 1.1487e-01
530 1.1824e-01
531 1.2117e-01
532 1.2374e-01
533 1.2612e-01
534 1.2793e-01
535 1.3005e-01
536 1.3149e-01
537 1.3313e-01
538 1.3465e-01
539 1.3579e-01
540 1.3679e-01
541 1.3794e-01
542 1.3870e-01
543 1.3971e-01
544 1.4045e-01
545 1.4149e-01
546 1.4234e-01
547 1.4301e-01
548 1.4388e-01
549 1.4478e-01
550 1.4550e-01
551 1.4615e-01
552 1.4651e-01
553 1.4663e-01
554 1.4711e-01
555 1.4685e-01
556 1.4666e-01
557 1.4613e-01
558 1.4510e-01
559 1.4322e-01
560 1.4178e-01
561 1.4008e-01
562 1.3810e-01
563 1.3600e-01
564 1.3380e-01
565 1.3122e-01
566 1.2839e-01
567 1.2581e-01
568 1.2299e-01
569 1.1984e-01
570 1.1716e-01
571 1.1420e-01
572 1.1137e-01
573 1.0866e-01
574 1.0589e-01
575 1.0346e-01
576 1.0104e-01
577 9.8625e-02
578 9.6625e-02
579 9.4536e-02
580 9.2684e-02
581 9.0846e-02
582 8.9139e-02
583 8.7528e-02
584 8.5999e-02
585 8.4484e-02
586 8.3226e-02
587 8.1829e-02
588 8.0699e-02
589 7.9511e-02
590 7.8474e-02
591 7.7542e-02
592 7.6542e-02
593 7.5722e-02
594 7.4951e-02
595 7.4169e-02
596 7.3523e-02
597 7.2935e-02
598 7.2198e-02
599 7.1545e-02
600 7.0924e-02
601 7.0234e-02
602 6.9568e-02
603 6.8883e-02
604 6.7977e-02
605 6.7258e-02
606 6.6312e-02
607 6.5458e-02
608 6.4471e-02
609 6.3402e-02
610 6.2314e-02
611 6.1293e-02
612 6.0123e-02
613 5.9074e-02
614 5.8094e-02
615 5.7088e-02
616 5.6014e-02
617 5.5060e-02
618 5.4079e-02
619 5.3133e-02
620 5.2462e-02
621 5.1688e-02
622 5.1074e-02
623 5.0540e-02
624 5.0153e-02
625 4.9824e-02
626 4.9535e-02
627 4.9398e-02
628 4.9205e-02
629 4.9103e-02
630 4.8950e-02
631 4.8729e-02
632 4.8309e-02
633 4.7844e-02
634 4.7170e-02
635 4.6305e-02
636 4.5236e-02
637 4.3836e-02
638 4.2326e-02
639 4.0750e-02
640 3.8970e-02
641 3.7142e-02
642 3.5283e-02
643 3.3408e-02
644 3.1530e-02
645 2.9814e-02
646 2.8174e-02
647 2.6635e-02
648 2.5216e-02
649 2.4034e-02
650 2.3005e-02
651 2.2124e-02
652 2.1376e-02
653 2.0711e-02
654 2.0226e-02
655 1.9651e-02
656 1.9088e-02
657 1.8492e-02
658 1.7862e-02
659 1.7164e-02
660 1.6434e-02
661 1.5701e-02
662 1.4938e-02
663 1.4063e-02
664 1.3356e-02
665 1.2561e-02
666 1.1957e-02
667 1.1296e-02
668 1.0718e-02
669 1.0278e-02
670 9.8352e-03
671 9.5512e-03
672 9.2805e-03
673 9.1367e-03
674 8.8657e-03
675 8.9021e-03
676 8.8294e-03
677 8.9414e-03
678 9.0191e-03
679 9.3344e-03
680 9.6111e-03
681 1.0075e-02
682 1.0653e-02
683 1.1592e-02
684 1.2831e-02
685 1.4380e-02
686 1.6627e-02
687 1.9454e-02
688 2.3120e-02
689 2.7734e-02
690 3.3725e-02
691 4.0472e-02
692 4.8475e-02
693 5.7894e-02
694 6.8332e-02
695 8.0605e-02
696 9.3797e-02
697 1.0937e-01
698 1.2545e-01
699 1.4235e-01
700 1.5922e-01
701 1.7617e-01
702 1.9379e-01
703 2.1101e-01
704 2.2868e-01
705 2.4692e-01
706 2.6374e-01
707 2.8302e-01
708 3.0037e-01
709 3.2008e-01
710 3.3734e-01
711 3.5842e-01
712 3.7590e-01
713 3.9382e-01
714 4.1130e-01
715 4.3017e-01
716 4.4892e-01
717 4.6747e-01
718 4.8668e-01
719 5.0584e-01
720 5.2510e-01
721 5.4469e-01
722 5.6398e-01
723 5.8272e-01
724 6.0205e-01
725 6.2074e-01
726 6.4013e-01
727 6.5850e-01
728 6.7750e-01
729 6.9630e-01
730 7.1429e-01
731 7.3293e-01
732 7.4883e-01
733 7.6583e-01
734 7.8095e-01
735 7.9616e-01
736 8.1139e-01
737 8.2508e-01
738 8.4027e-01
739 8.5307e-01
740 8.6546e-01
741 8.7771e-01
742 8.8801e-01
743 8.9815e-01
744 9.0742e-01
745 9.1772e-01
746 9.2648e-01
747 9.3377e-01
748 9.4161e-01
749 9.4733e-01
750 9.5418e-01
751 9.5997e-01
752 9.6451e-01
753 9.6798e-01
754 9.7311e-01
755 9.7570e-01
756 9.8048e-01
757 9.8380e-01
758 9.8603e-01
759 9.8844e-01
760 9.9123e-01
761 9.9309e-01
762 9.9645e-01
763 9.9906e-01
764 9.9888e-01
765 1.0000e+00
766 9.9963e-01
767 1.0013e+00
768 1.0021e+00
769 1.0032e+00
770 1.0030e+00
771 1.0052e+00
772 1.0056e+00
773 1.0058e+00
774 1.0062e+00
775 1.0056e+00
776 1.0075e+00
777 1.0080e+00
778 1.0080e+00
779 1.0088e+00
780 1.0084e+00
781 1.0088e+00
782 1.0088e+00
783 1.0088e+00
784 1.0088e+00
785 1.0093e+00
786 1.0093e+00
787 1.0097e+00
788 1.0095e+00
789 1.0099e+00
790 1.0097e+00
791 1.0097e+00
792 1.0105e+00
793 1.0105e+00
794 1.0106e+00
795 1.0112e+00
796 1.0106e+00
797 1.0116e+00
798 1.0121e+00
799 1.0116e+00
800 1.0116e+00
801 1.0116e+00
802 1.0117e+00
803 1.0121e+00
804 1.0119e+00
805 1.0119e+00
806 1.0117e+00
807 1.0125e+00
808 1.0127e+00
809 1.0125e+00
810 1.0123e+00
811 1.0127e+00
812 1.0134e+00
813 1.0134e+00
814 1.0132e+00
815 1.0132e+00
816 1.0141e+00
817 1.0136e+00
818 1.0143e+00
819 1.0138e+00
820 1.0141e+00
821 1.0145e+00
822 1.0143e+00
823 1.0153e+00
824 1.0151e+00
825 1.0151e+00
826 1.0151e+00
827 1.0158e+00
828 1.0158e+00
829 1.0156e+00
830 1.0158e+00
831 1.0160e+00
832 1.0165e+00
833 1.0160e+00
834 1.0165e+00
835 1.0169e+00
836 1.0171e+00
837 1.0178e+00
838 1.0180e+00
839 1.0178e+00
840 1.0178e+00
841 1.0182e+00
842 1.0184e+00
843 1.0191e+00
844 1.0189e+00
845 1.0188e+00
846 1.0193e+00
847 1.0202e+00
848 1.0199e+00
849 1.0202e+00
850 1.0178e+00
851 1.0168e+00
852 1.0172e+00
853 1.0170e+00
854 1.0180e+00
855 1.0181e+00
856 1.0189e+00
857 1.0183e+00
858 1.0179e+00
859 1.0194e+00
860 1.0194e+00
861 1.0190e+00
862 1.0198e+00
863 1.0202e+00
864 1.0200e+00
865 1.0202e+00
866 1.0211e+00
867 1.0209e+00
868 1.0209e+00
869 1.0205e+00
870 1.0203e+00
871 1.0211e+00
872 1.0212e+00
873 1.0216e+00
874 1.0218e+00
875 1.0225e+00
876 1.0192e+00
877 1.0190e+00
878 1.0188e+00
879 1.0196e+00
880 1.0190e+00
881 1.0192e+00
882 1.0198e+00
883 1.0196e+00
884 1.0199e+00
885 1.0207e+00
886 1.0201e+00
887 1.0201e+00
888 1.0199e+00
889 1.0205e+00
890 1.0207e+00
891 1.0205e+00
892 1.0199e+00
893 1.0210e+00
894 1.0208e+00
895 1.0216e+00
896 1.0205e+00
897 1.0205e+00
898 1.0216e+00
899 1.0203e+00
900 1.0217e+00
901 1.0214e+00
902 1.0225e+00
903 1.0217e+00
904 1.0225e+00
905 1.0217e+00
906 1.0216e+00
907 1.0212e+00
908 1.0214e+00
909 1.0217e+00
910 1.0225e+00
911 1.0223e+00
912 1.0223e+00
913 1.0225e+00
914 1.0223e+00
915 1.0217e+00
916 1.0223e+00
917 1.0223e+00
918 1.0226e+00
919 1.0217e+00
920 1.0226e+00
921 1.0228e+00
922 1.0215e+00
923 1.0213e+00
924 1.0215e+00
925 1.0217e+00
926 1.0211e+00
927 1.0217e+00
928 1.0208e+00
929 1.0211e+00
930 1.0213e+00
931 1.0204e+00
932 1.0196e+00
933 1.0200e+00
934 1.0183e+00
935 1.0185e+00
936 1.0097e+00
937 1.0233e+00
938 1.0241e+00
939 1.0224e+00
940 1.0231e+00
941 1.0231e+00
942 1.0230e+00
943 1.0224e+00
944 1.0207e+00
945 1.0209e+00
946 1.0198e+00
947 1.0200e+00
948 1.0185e+00
949 1.0172e+00
950 1.0233e+00
951 1.0113e+00
952 1.0098e+00
953 1.0102e+00
954 1.0095e+00
955 1.0080e+00
956 1.0078e+00
957 1.0064e+00
958 1.0071e+00
959 1.0056e+00
960 1.0053e+00
961 1.0055e+00
962 1.0038e+00
963 1.0051e+00
964 1.0042e+00
965 1.0038e+00
966 1.0038e+00
967 1.0044e+00
968 1.0036e+00
969 1.0053e+00
970 1.0029e+00
971 1.0034e+00
972 1.0049e+00
973 1.0047e+00
974 1.0056e+00
975 1.0033e+00
976 1.0038e+00
977 1.0045e+00
978 1.0056e+00
979 1.0054e+00
980 1.0047e+00
981 1.0071e+00
982 1.0067e+00
983 1.0074e+00
984 1.0058e+00
985 1.0069e+00
986 1.0073e+00
987 1.0069e+00
988 1.0083e+00
989 1.0085e+00
990 1.0083e+00
991 1.0087e+00
992 1.0085e+00
993 1.0096e+00
994 1.0103e+00
995 1.0105e+00
996 1.0107e+00
997 1.0107e+00
998 1.0114e+00
999 1.0120e+00
1000 1.0125e+00
1001 1.0133e+00
1002 1.0140e+00
1003 1.0140e+00
1004 1.0145e+00
1005 1.0140e+00
1006 1.0155e+00
1007 1.0155e+00
1008 1.0153e+00
1009 1.0212e+00
1010 1.0215e+00
1011 1.0219e+00
1012 1.0228e+00
1013 1.0228e+00
1014 1.0235e+00
1015 1.0246e+00
1016 1.0254e+00
1017 1.0247e+00
1018 1.0263e+00
1019 1.0261e+00
1020 1.0259e+00
1021 1.0276e+00
1022 1.0281e+00
1023 1.0274e+00
1024 1.0287e+00
1025 1.0281e+00
1026 1.0287e+00
1027 1.0298e+00
1028 1.0304e+00
1029 1.0306e+00
1030 1.0304e+00
1031 1.0326e+00
1032 1.0319e+00
1033 1.0320e+00
1034 1.0339e+00
1035 1.0335e+00
1036 1.0342e+00
1037 1.0350e+00
1038 1.0344e+00
1039 1.0352e+00
1040 1.0353e+00
1041 1.0363e+00
1042 1.0370e+00
1043 1.0365e+00
1044 1.0379e+00
1045 1.0352e+00
1046 1.0333e+00
1047 1.0327e+00
1048 1.0352e+00
1049 1.0367e+00
1050 1.0378e+00
1051 1.0363e+00
1052 1.0389e+00
1053 1.0396e+00
1054 1.0420e+00
1055 1.0413e+00
1056 1.0456e+00
1057 1.0439e+00
1058 1.0460e+00
1059 1.0462e+00
1060 1.0454e+00
1061 1.0471e+00
1062 1.0492e+00
1063 1.0476e+00
1064 1.0461e+00
1065 1.0432e+00
1066 1.0446e+00
1067 1.0448e+00
1068 1.0459e+00
1069 1.0455e+00
1070 1.0468e+00
1071 1.0440e+00
1072 1.0448e+00
1073 1.0445e+00
1074 1.0449e+00
1075 1.0483e+00
