350 -1.4702e-02
351 -4.5876e-03
352 -1.7235e-02
353 -4.1663e-03
354 -1.1671e-02
355 0.0000e+00
356 -3.4259e-03
357 -1.3459e-02
358 -3.1239e-03
359 -5.9384e-03
360 -2.8081e-03
361 -1.3581e-02
362 -5.0893e-03
363 -9.6857e-03
364 -2.3185e-03
365 4.4149e-03
366 -6.3046e-03
367 -7.9068e-03
368 -1.8834e-03
369 -5.3853e-03
370 -3.3845e-03
371 0.0000e+00
372 1.5270e-03
373 0.0000e+00
374 -2.7737e-03
375 1.2987e-03
376 0.0000e+00
377 -2.3358e-03
378 -1.1004e-03
379 -1.0429e-03
380 -2.9410e-03
381 0.0000e+00
382 0.0000e+00
383 0.0000e+00
384 -7.7895e-04
385 -7.4030e-04
386 0.0000e+00
387 6.6246e-04
388 -6.2469e-04
389 -5.9144e-04
390 5.6397e-04
391 1.6050e-03
392 0.0000e+00
393 -4.8370e-04
394 9.2283e-04
395 4.4021e-04
396 -8.4363e-04
397 -1.6170e-03
398 1.1599e-03
399 0.0000e+00
400 0.0000e+00
401 1.0252e-03
402 6.5684e-04
403 6.3286e-04
404 6.0642e-04
405 5.8390e-04
406 5.6099e-04
407 0.0000e+00
408 1.5531e-03
409 4.9805e-04
410 4.7941e-04
411 4.6311e-04
412 6.6907e-04
413 1.2960e-03
414 4.1886e-04
415 1.0133e-03
416 1.3757e-03
417 1.3325e-03
418 7.4097e-04
419 8.8607e-04
420 5.1616e-04
421 3.3257e-04
422 1.2939e-03
423 3.1487e-04
424 6.1431e-04
425 2.8446e-03
426 1.0249e-03
427 8.6062e-04
428 5.6279e-04
429 8.3010e-04
430 8.1694e-04
431 6.7128e-04
432 6.6296e-04
433 3.9281e-04
434 9.0643e-04
435 6.4136e-04
436 7.6053e-04
437 8.7764e-04
438 8.6821e-04
439 7.3610e-04
440 3.6408e-04
441 1.0806e-03
442 8.3224e-04
443 8.2392e-04
444 9.3302e-04
445 1.0413e-03
446 8.0381e-04
447 9.1139e-04
448 1.0172e-03
449 1.1216e-03
450 1.5573e-03
451 1.2122e-03
452 1.4199e-03
453 1.2971e-03
454 1.1759e-03
455 1.5839e-03
456 1.7699e-03
457 1.7423e-03
458 1.2096e-03
459 1.7817e-03
460 1.3581e-03
461 1.6129e-03
462 1.5761e-03
463 1.6290e-03
464 1.7640e-03
465 1.6308e-03
466 1.5024e-03
467 1.6234e-03
468 1.8934e-03
469 1.9915e-03
470 1.7946e-03
471 2.0257e-03
472 1.8971e-03
473 1.9775e-03
474 1.8541e-03
475 1.9276e-03
476 1.9350e-03
477 2.4271e-03
478 2.0675e-03
479 2.2430e-03
480 2.1847e-03
481 2.2394e-03
482 2.3443e-03
483 2.3379e-03
484 2.3813e-03
485 2.4265e-03
486 2.3722e-03
487 2.6541e-03
488 2.7366e-03
489 2.9511e-03
490 2.9817e-03
491 3.1427e-03
492 3.3396e-03
493 3.5744e-03
494 3.9254e-03
495 4.1848e-03
496 4.6730e-03
497 4.9536e-03
498 5.3439e-03
499 5.6834e-03
500 6.2778e-03
501 6.8910e-03
502 7.3849e-03
503 8.2952e-03
504 8.8999e-03
505 9.9498e-03
506 1.0833e-02
507 1.1946e-02
508 1.3213e-02
509 1.4544e-02
510 1.6136e-02
511 1.7676e-02
512 1.9702e-02
513 2.1652e-02
514 2.3906e-02
515 2.6265e-02
516 2.8518e-02
517 3.1108e-02
518 3.3779e-02
519 3.6515e-02
520 3.9304e-02
521 4.2094e-02
522 4.4928e-02
523 4.7721e-02
524 5.0419e-02
525 5.3107e-02
526 5.5612e-02
527 5.7985e-02
528 6.0262e-02
529 6.2172e-02
530 6.4170e-02
531 6.5884e-02
532 6.7535e-02
533 6.8970e-02
534 7.0410e-02
535 7.1488e-02
536 7.2557e-02
537 7.3516e-02
538 7.4382e-02
539 7.5060e-02
540 7.5769e-02
541 7.6474e-02
542 7.7135e-02
543 7.7626e-02
544 7.8087e-02
545 7.8594e-02
546 7.9201e-02
547 7.9835e-02
548 8.0217e-02
549 8.0888e-02
550 8.1192e-02
551 8.1542e-02
552 8.1611e-02
553 8.2099e-02
554 8.2195e-02
555 8.1972e-02
556 8.1781e-02
557 8.1352e-02
558 8.0797e-02
559 7.9478e-02
560 7.8637e-02
561 7.7473e-02
562 7.6161e-02
563 7.4785e-02
564 7.3170e-02
565 7.1540e-02
566 6.9861e-02
567 6.8078e-02
568 6.6156e-02
569 6.4365e-02
570 6.2497e-02
571 6.0625e-02
572 5.8834e-02
573 5.7192e-02
574 5.5452e-02
575 5.3927e-02
576 5.2407e-02
577 5.0976e-02
578 4.9734e-02
579 4.8487e-02
580 4.7315e-02
581 4.6259e-02
582 4.5225e-02
583 4.4319e-02
584 4.3375e-02
585 4.2499e-02
586 4.1605e-02
587 4.0908e-02
588 4.0148e-02
589 3.9504e-02
590 3.8887e-02
591 3.8359e-02
592 3.7852e-02
593 3.7323e-02
594 3.6897e-02
595 3.6394e-02
596 3.6097e-02
597 3.5625e-02
598 3.5285e-02
599 3.4933e-02
600 3.4499e-02
601 3.4191e-02
602 3.3787e-02
603 3.3393e-02
604 3.2892e-02
605 3.2456e-02
606 3.1976e-02
607 3.1475e-02
608 3.0848e-02
609 3.0303e-02
610 2.9761e-02
611 2.9152e-02
612 2.8558e-02
613 2.7930e-02
614 2.7422e-02
615 2.6795e-02
616 2.6266e-02
617 2.5758e-02
618 2.5232e-02
619 2.4778e-02
620 2.4338e-02
621 2.3961e-02
622 2.3681e-02
623 2.3318e-02
624 2.3048e-02
625 2.2939e-02
626 2.2821e-02
627 2.2670e-02
628 2.2594e-02
629 2.2530e-02
630 2.2454e-02
631 2.2251e-02
632 2.2121e-02
633 2.1864e-02
634 2.1415e-02
635 2.1041e-02
636 2.0423e-02
637 1.9750e-02
638 1.8939e-02
639 1.8152e-02
640 1.7227e-02
641 1.6356e-02
642 1.5349e-02
643 1.4478e-02
644 1.3505e-02
645 1.2659e-02
646 1.1803e-02
647 1.1179e-02
648 1.0509e-02
649 9.9572e-03
650 9.4813e-03
651 9.1135e-03
652 8.7764e-03
653 8.4529e-03
654 8.1931e-03
655 8.0125e-03
656 7.7656e-03
657 7.5199e-03
658 7.2113e-03
659 7.0112e-03
660 6.6643e-03
661 6.2862e-03
662 6.0339e-03
663 5.7001e-03
664 5.4117e-03
665 5.0748e-03
666 4.8312e-03
667 4.5377e-03
668 4.4239e-03
669 4.2580e-03
670 4.1914e-03
671 4.0430e-03
672 3.9742e-03
673 3.9060e-03
674 3.8868e-03
675 3.9363e-03
676 3.9532e-03
677 3.9536e-03
678 4.0751e-03
679 4.3660e-03
680 4.5442e-03
681 4.7760e-03
682 5.0759e-03
683 5.4814e-03
684 6.0620e-03
685 6.7643e-03
686 7.8885e-03
687 9.1550e-03
688 1.0928e-02
689 1.3220e-02
690 1.6212e-02
691 1.9729e-02
692 2.4125e-02
693 2.9121e-02
694 3.5329e-02
695 4.1901e-02
696 4.9878e-02
697 5.8693e-02
698 6.8849e-02
699 7.8753e-02
700 9.0295e-02
701 1.0157e-01
702 1.1462e-01
703 1.2619e-01
704 1.3991e-01
705 1.5137e-01
706 1.6544e-01
707 1.7996e-01
708 1.9354e-01
709 2.0799e-01
710 2.2203e-01
711 2.3729e-01
712 2.5179e-01
713 2.6629e-01
714 2.8141e-01
715 2.9733e-01
716 3.1313e-01
717 3.3015e-01
718 3.4716e-01
719 3.6300e-01
720 3.8347e-01
721 4.0104e-01
722 4.1888e-01
723 4.3695e-01
724 4.5528e-01
725 4.7322e-01
726 4.9139e-01
727 5.0950e-01
728 5.2800e-01
729 5.4649e-01
730 5.6477e-01
731 5.8223e-01
732 5.9937e-01
733 6.1636e-01
734 6.3292e-01
735 6.4857e-01
736 6.6442e-01
737 6.7943e-01
738 6.9394e-01
739 7.0859e-01
740 7.2232e-01
741 7.3516e-01
742 7.4710e-01
743 7.5807e-01
744 7.6893e-01
745 7.7930e-01
746 7.8883e-01
747 7.9765e-01
748 8.0565e-01
749 8.1278e-01
750 8.2088e-01
751 8.2743e-01
752 8.3289e-01
753 8.3784e-01
754 8.4364e-01
755 8.4717e-01
756 8.5202e-01
757 8.5610e-01
758 8.5879e-01
759 8.6257e-01
760 8.6533e-01
761 8.6713e-01
762 8.7115e-01
763 8.7425e-01
764 8.7534e-01
765 8.7650e-01
766 8.7711e-01
767 8.7966e-01
768 8.7953e-01
769 8.8141e-01
770 8.8121e-01
771 8.8379e-01
772 8.8489e-01
773 8.8513e-01
774 8.8589e-01
775 8.8576e-01
776 8.8761e-01
777 8.8783e-01
778 8.8913e-01
779 8.8917e-01
780 8.8973e-01
781 8.8960e-01
782 8.8960e-01
783 8.9018e-01
784 8.9073e-01
785 8.9094e-01
786 8.9150e-01
787 8.9135e-01
788 8.9157e-01
789 8.9161e-01
790 8.9141e-01
791 8.9234e-01
792 8.9256e-01
793 8.9275e-01
794 8.9256e-01
795 8.9338e-01
796 8.9316e-01
797 8.9377e-01
798 8.9411e-01
799 8.9450e-01
800 8.9470e-01
801 8.9435e-01
802 8.9532e-01
803 8.9497e-01
804 8.9571e-01
805 8.9573e-01
806 8.9573e-01
807 8.9668e-01
808 8.9577e-01
809 8.9544e-01
810 8.9616e-01
811 8.9596e-01
812 8.9695e-01
813 8.9693e-01
814 8.9659e-01
815 8.9719e-01
816 8.9771e-01
817 8.9721e-01
818 8.9775e-01
819 8.9835e-01
820 8.9794e-01
821 8.9798e-01
822 8.9893e-01
823 8.9948e-01
824 8.9895e-01
825 8.9988e-01
826 8.9990e-01
827 9.0027e-01
828 9.0012e-01
829 9.0027e-01
830 9.0089e-01
831 9.0087e-01
832 9.0167e-01
833 9.0165e-01
834 9.0188e-01
835 9.0206e-01
836 9.0204e-01
837 9.0322e-01
838 9.0336e-01
839 9.0320e-01
840 9.0357e-01
841 9.0431e-01
842 9.0546e-01
843 9.0468e-01
844 9.0493e-01
845 9.0547e-01
846 9.0623e-01
847 9.0641e-01
848 9.0681e-01
849 9.0681e-01
850 9.0794e-01
851 9.0876e-01
852 9.0522e-01
853 9.0540e-01
854 9.0616e-01
855 9.0581e-01
856 9.0671e-01
857 9.0690e-01
858 9.0747e-01
859 9.0488e-01
860 9.0506e-01
861 9.0543e-01
862 9.0601e-01
863 9.0620e-01
864 9.0620e-01
865 9.0641e-01
866 9.0733e-01
867 9.0698e-01
868 9.0699e-01
869 9.0717e-01
870 9.0680e-01
871 9.0705e-01
872 9.0775e-01
873 9.0796e-01
874 9.0835e-01
875 9.0872e-01
876 9.0909e-01
877 9.0872e-01
878 9.0872e-01
879 9.0913e-01
880 9.0913e-01
881 9.0971e-01
882 9.1043e-01
883 9.0951e-01
884 9.0990e-01
885 9.1099e-01
886 9.1027e-01
887 9.1048e-01
888 9.1045e-01
889 9.1163e-01
890 9.1143e-01
891 9.1108e-01
892 9.1145e-01
893 9.1166e-01
894 9.1145e-01
895 9.1163e-01
896 9.1166e-01
897 9.1202e-01
898 9.1219e-01
899 9.1202e-01
900 9.1320e-01
901 9.1279e-01
902 9.1374e-01
903 9.1321e-01
904 9.1339e-01
905 9.1318e-01
906 9.1321e-01
907 9.1270e-01
908 9.1360e-01
909 9.1360e-01
910 9.1402e-01
911 9.1379e-01
912 9.1457e-01
913 9.1418e-01
914 9.1423e-01
915 9.1478e-01
916 9.1494e-01
917 9.1460e-01
918 9.1458e-01
919 9.1441e-01
920 9.1500e-01
921 9.1500e-01
922 9.1386e-01
923 9.1423e-01
924 9.1426e-01
925 9.1483e-01
926 9.1484e-01
927 9.1467e-01
928 9.1430e-01
929 9.1451e-01
930 9.1467e-01
931 9.1357e-01
932 9.1338e-01
933 9.1319e-01
934 9.1245e-01
935 9.1248e-01
936 9.0344e-01
937 9.1712e-01
938 9.1694e-01
939 9.1697e-01
940 9.1662e-01
941 9.1676e-01
942 9.1572e-01
943 9.1628e-01
944 9.1478e-01
945 9.1406e-01
946 9.1406e-01
947 9.1265e-01
948 9.1188e-01
949 9.1100e-01
950 9.1692e-01
951 9.0538e-01
952 9.0463e-01
953 9.0488e-01
954 9.0373e-01
955 9.0272e-01
956 9.0253e-01
957 9.0146e-01
958 9.0144e-01
959 9.0052e-01
960 8.9910e-01
961 8.9960e-01
962 8.9855e-01
963 8.9908e-01
964 8.9835e-01
965 8.9876e-01
966 8.9803e-01
967 9.0002e-01
968 8.9856e-01
969 8.9929e-01
970 8.9820e-01
971 8.9788e-01
972 9.0021e-01
973 8.9981e-01
974 8.9897e-01
975 8.9878e-01
976 8.9914e-01
977 8.9858e-01
978 8.9987e-01
979 9.0019e-01
980 9.0029e-01
981 9.0209e-01
982 9.0213e-01
983 9.0264e-01
984 9.0124e-01
985 9.0211e-01
986 9.0213e-01
987 9.0303e-01
988 9.0472e-01
989 9.0418e-01
990 9.0395e-01
991 9.0435e-01
992 9.0472e-01
993 9.0506e-01
994 9.0653e-01
995 9.0729e-01
996 9.0695e-01
997 9.0749e-01
998 9.0790e-01
999 9.0864e-01
1000 9.0879e-01
1001 9.0953e-01
1002 9.1045e-01
1003 9.1005e-01
1004 9.1133e-01
1005 9.1087e-01
1006 9.1215e-01
1007 9.1264e-01
1008 9.1136e-01
1009 9.1824e-01
1010 9.1901e-01
1011 9.1884e-01
1012 9.1972e-01
1013 9.2033e-01
1014 9.2086e-01
1015 9.2196e-01
1016 9.2294e-01
1017 9.2253e-01
1018 9.2346e-01
1019 9.2403e-01
1020 9.2443e-01
1021 9.2538e-01
1022 9.2522e-01
1023 9.2628e-01
1024 9.2689e-01
1025 9.2765e-01
1026 9.2799e-01
1027 9.2818e-01
1028 9.2877e-01
1029 9.2894e-01
1030 9.2933e-01
1031 9.3099e-01
1032 9.3009e-01
1033 9.3102e-01
1034 9.3192e-01
1035 9.3194e-01
1036 9.3348e-01
1037 9.3324e-01
1038 9.3311e-01
1039 9.3403e-01
1040 9.3441e-01
1041 9.3572e-01
1042 9.3572e-01
1043 9.3552e-01
1044 9.3667e-01
1045 9.3488e-01
1046 9.3326e-01
1047 9.3588e-01
1048 9.3629e-01
1049 9.3822e-01
1050 9.3953e-01
1051 9.3817e-01
1052 9.3856e-01
1053 9.3969e-01
1054 9.4033e-01
1055 9.4142e-01
1056 9.4450e-01
1057 9.4447e-01
1058 9.4393e-01
1059 9.4467e-01
1060 9.4523e-01
1061 9.4596e-01
1062 9.4857e-01
1063 9.4709e-01
1064 9.4578e-01
1065 9.4293e-01
1066 9.4469e-01
1067 9.4340e-01
1068 9.4600e-01
1069 9.4659e-01
1070 9.4564e-01
1071 9.4395e-01
1072 9.4545e-01
1073 9.4471e-01
1074 9.4504e-01
1075 9.4769e-01
