350 -.1421E-01
351 -.4443E-02
352 -.1687E-01
353 -.3999E-02
354 -.1132E-01
355  .0000E00
356 -.3321E-02
357 -.1273E-01
358 -.3039E-02
359 -.5681E-02
360 -.2717E-02
361 -.1302E-01
362 -.4913E-02
363 -.9411E-02
364 -.2241E-02
365  .4264E-02
366 -.6035E-02
367 -.7632E-02
368 -.1811E-02
369 -.5189E-02
370 -.3267E-02
371  .0000E00
372  .1468E-02
373  .0000E00
374 -.2652E-02
375  .1248E-02
376  .0000E00
377 -.2236E-02
378 -.1056E-02
379 -.9957E-03
380 -.2816E-02
381  .0000E00
382  .0000E00
383  .0000E00
384 -.7461E-03
385 -.7056E-03
386  .0000E00
387  .6317E-03
388 -.5958E-03
389 -.5635E-03
390  .5345E-03
391  .1522E-02
392  .0000E00
393 -.4584E-03
394  .8752E-03
395  .4176E-03
396 -.8007E-03
397 -.1532E-02
398  .1101E-02
399  .0000E00
400  .0000E00
401  .9731E-03
402  .6232E-03
403  .6009E-03
404  .5760E-03
405  .5539E-03
406  .5326E-03
407  .0000E00
408  .1475E-02
409  .4731E-03
410  .4555E-03
411  .4401E-03
412  .6360E-03
413  .1232E-02
414  .3979E-03
415  .9631E-03
416  .1307E-02
417  .1266E-02
418  .7037E-03
419  .8418E-03
420  .4907E-03
421  .3160E-03
422  .1230E-02
423  .2994E-03
424  .5837E-03
425  .2705E-02
426  .9747E-03
427  .8183E-03
428  .5351E-03
429  .7893E-03
430  .7768E-03
431  .6383E-03
432  .6303E-03
433  .3737E-03
434  .8620E-03
435  .6097E-03
436  .7233E-03
437  .8345E-03
438  .8260E-03
439  .7003E-03
440  .3463E-03
441  .1028E-02
442  .7916E-03
443  .7840E-03
444  .8877E-03
445  .9910E-03
446  .7647E-03
447  .8671E-03
448  .9678E-03
449  .1067E-02
450  .1481E-02
451  .1153E-02
452  .1351E-02
453  .1234E-02
454  .1119E-02
455  .1507E-02
456  .1684E-02
457  .1658E-02
458  .1151E-02
459  .1695E-02
460  .1292E-02
461  .1535E-02
462  .1500E-02
463  .1550E-02
464  .1679E-02
465  .1552E-02
466  .1430E-02
467  .1545E-02
468  .1802E-02
469  .1895E-02
470  .1709E-02
471  .1928E-02
472  .1806E-02
473  .1882E-02
474  .1765E-02
475  .1835E-02
476  .1842E-02
477  .2311E-02
478  .1968E-02
479  .2135E-02
480  .2080E-02
481  .2132E-02
482  .2232E-02
483  .2226E-02
484  .2267E-02
485  .2310E-02
486  .2258E-02
487  .2526E-02
488  .2605E-02
489  .2809E-02
490  .2838E-02
491  .2991E-02
492  .3178E-02
493  .3401E-02
494  .3735E-02
495  .3981E-02
496  .4446E-02
497  .4711E-02
498  .5081E-02
499  .5403E-02
500  .5966E-02
501  .6548E-02
502  .7015E-02
503  .7876E-02
504  .8446E-02
505  .9438E-02
506  .1027E-01
507  .1132E-01
508  .1251E-01
509  .1376E-01
510  .1525E-01
511  .1669E-01
512  .1858E-01
513  .2039E-01
514  .2248E-01
515  .2466E-01
516  .2673E-01
517  .2910E-01
518  .3154E-01
519  .3403E-01
520  .3655E-01
521  .3906E-01
522  .4160E-01
523  .4409E-01
524  .4649E-01
525  .4886E-01
526  .5107E-01
527  .5315E-01
528  .5514E-01
529  .5679E-01
530  .5853E-01
531  .6001E-01
532  .6144E-01
533  .6267E-01
534  .6392E-01
535  .6484E-01
536  .6576E-01
537  .6659E-01
538  .6733E-01
539  .6790E-01
540  .6851E-01
541  .6911E-01
542  .6969E-01
543  .7011E-01
544  .7050E-01
545  .7093E-01
546  .7144E-01
547  .7199E-01
548  .7232E-01
549  .7289E-01
550  .7315E-01
551  .7345E-01
552  .7350E-01
553  .7395E-01
554  .7403E-01
555  .7384E-01
556  .7370E-01
557  .7335E-01
558  .7290E-01
559  .7180E-01
560  .7111E-01
561  .7013E-01
562  .6903E-01
563  .6787E-01
564  .6649E-01
565  .6511E-01
566  .6368E-01
567  .6215E-01
568  .6049E-01
569  .5895E-01
570  .5733E-01
571  .5570E-01
572  .5414E-01
573  .5270E-01
574  .5117E-01
575  .4983E-01
576  .4848E-01
577  .4721E-01
578  .4611E-01
579  .4500E-01
580  .4395E-01
581  .4301E-01
582  .4208E-01
583  .4127E-01
584  .4042E-01
585  .3963E-01
586  .3882E-01
587  .3819E-01
588  .3750E-01
589  .3692E-01
590  .3636E-01
591  .3588E-01
592  .3542E-01
593  .3494E-01
594  .3455E-01
595  .3409E-01
596  .3382E-01
597  .3339E-01
598  .3308E-01
599  .3276E-01
600  .3236E-01
601  .3208E-01
602  .3171E-01
603  .3135E-01
604  .3089E-01
605  .3049E-01
606  .3005E-01
607  .2959E-01
608  .2901E-01
609  .2851E-01
610  .2801E-01
611  .2745E-01
612  .2690E-01
613  .2632E-01
614  .2585E-01
615  .2527E-01
616  .2478E-01
617  .2431E-01
618  .2382E-01
619  .2340E-01
620  .2299E-01
621  .2264E-01
622  .2238E-01
623  .2204E-01
624  .2179E-01
625  .2169E-01
626  .2158E-01
627  .2144E-01
628  .2137E-01
629  .2131E-01
630  .2124E-01
631  .2105E-01
632  .2093E-01
633  .2069E-01
634  .2027E-01
635  .1992E-01
636  .1934E-01
637  .1871E-01
638  .1795E-01
639  .1721E-01
640  .1634E-01
641  .1552E-01
642  .1457E-01
643  .1375E-01
644  .1283E-01
645  .1203E-01
646  .1122E-01
647  .1063E-01
648  .9996E-02
649  .9472E-02
650  .9021E-02
651  .8672E-02
652  .8352E-02
653  .8045E-02
654  .7798E-02
655  .7626E-02
656  .7392E-02
657  .7158E-02
658  .6865E-02
659  .6675E-02
660  .6345E-02
661  .5985E-02
662  .5745E-02
663  .5427E-02
664  .5153E-02
665  .4832E-02
666  .4600E-02
667  .4320E-02
668  .4211E-02
669  .4053E-02
670  .3989E-02
671  .3847E-02
672  .3781E-02
673  .3715E-02
674  .3696E-02
675  .3742E-02
676  .3757E-02
677  .3756E-02
678  .3870E-02
679  .4144E-02
680  .4311E-02
681  .4529E-02
682  .4811E-02
683  .5193E-02
684  .5740E-02
685  .6402E-02
686  .7461E-02
687  .8653E-02
688  .1032E-01
689  .1247E-01
690  .1527E-01
691  .1855E-01
692  .2263E-01
693  .2723E-01
694  .3292E-01
695  .3886E-01
696  .4601E-01
697  .5381E-01
698  .6264E-01
699  .7106E-01
700  .8076E-01
701  .9001E-01
702  .1005E00
703  .1096E00
704  .1201E00
705  .1286E00
706  .1390E00
707  .1494E00
708  .1588E00
709  .1686E00
710  .1778E00
711  .1877E00
712  .1968E00
713  .2056E00
714  .2146E00
715  .2238E00
716  .2330E00
717  .2419E00
718  .2510E00
719  .2590E00
720  .2700E00
721  .2786E00
722  .2871E00
723  .2956E00
724  .3039E00
725  .3119E00
726  .3196E00
727  .3272E00
728  .3347E00
729  .3421E00
730  .3492E00
731  .3558E00
732  .3622E00
733  .3684E00
734  .3745E00
735  .3800E00
736  .3853E00
737  .3904E00
738  .3952E00
739  .4000E00
740  .4045E00
741  .4086E00
742  .4124E00
743  .4158E00
744  .4193E00
745  .4223E00
746  .4251E00
747  .4277E00
748  .4303E00
749  .4324E00
750  .4349E00
751  .4368E00
752  .4386E00
753  .4402E00
754  .4419E00
755  .4429E00
756  .4445E00
757  .4456E00
758  .4464E00
759  .4475E00
760  .4485E00
761  .4490E00
762  .4503E00
763  .4512E00
764  .4515E00
765  .4521E00
766  .4525E00
767  .4532E00
768  .4534E00
769  .4541E00
770  .4540E00
771  .4548E00
772  .4551E00
773  .4554E00
774  .4557E00
775  .4559E00
776  .4565E00
777  .4567E00
778  .4571E00
779  .4573E00
780  .4575E00
781  .4577E00
782  .4577E00
783  .4580E00
784  .4581E00
785  .4583E00
786  .4585E00
787  .4586E00
788  .4588E00
789  .4590E00
790  .4589E00
791  .4592E00
792  .4594E00
793  .4595E00
794  .4594E00
795  .4600E00
796  .4598E00
797  .4602E00
798  .4602E00
799  .4604E00
800  .4605E00
801  .4605E00
802  .4610E00
803  .4610E00
804  .4612E00
805  .4613E00
806  .4613E00
807  .4617E00
808  .4615E00
809  .4616E00
810  .4617E00
811  .4616E00
812  .4622E00
813  .4621E00
814  .4621E00
815  .4625E00
816  .4625E00
817  .4626E00
818  .4627E00
819  .4631E00
820  .4628E00
821  .4630E00
822  .4634E00
823  .4635E00
824  .4635E00
825  .4638E00
826  .4639E00
827  .4640E00
828  .4641E00
829  .4640E00
830  .4645E00
831  .4644E00
832  .4649E00
833  .4648E00
834  .4651E00
835  .4651E00
836  .4650E00
837  .4657E00
838  .4655E00
839  .4656E00
840  .4657E00
841  .4659E00
842  .4664E00
843  .4660E00
844  .4664E00
845  .4665E00
846  .4668E00
847  .4668E00
848  .4671E00
849  .4671E00
850  .4675E00
851  .4681E00
852  .4661E00
853  .4661E00
854  .4664E00
855  .4664E00
856  .4665E00
857  .4666E00
858  .4668E00
859  .4671E00
860  .4671E00
861  .4672E00
862  .4675E00
863  .4676E00
864  .4676E00
865  .4678E00
866  .4680E00
867  .4680E00
868  .4681E00
869  .4681E00
870  .4680E00
871  .4684E00
872  .4684E00
873  .4686E00
874  .4688E00
875  .4689E00
876  .4690E00
877  .4689E00
878  .4689E00
879  .4692E00
880  .4692E00
881  .4695E00
882  .4696E00
883  .4694E00
884  .4696E00
885  .4698E00
886  .4697E00
887  .4699E00
888  .4697E00
889  .4704E00
890  .4703E00
891  .4703E00
892  .4704E00
893  .4706E00
894  .4704E00
895  .4704E00
896  .4706E00
897  .4706E00
898  .4706E00
899  .4706E00
900  .4713E00
901  .4710E00
902  .4714E00
903  .4714E00
904  .4714E00
905  .4712E00
906  .4714E00
907  .4715E00
908  .4716E00
909  .4716E00
910  .4720E00
911  .4717E00
912  .4721E00
913  .4719E00
914  .4722E00
915  .4723E00
916  .4722E00
917  .4723E00
918  .4722E00
919  .4722E00
920  .4726E00
921  .4726E00
922  .4721E00
923  .4722E00
924  .4724E00
925  .4726E00
926  .4727E00
927  .4727E00
928  .4726E00
929  .4728E00
930  .4727E00
931  .4725E00
932  .4724E00
933  .4723E00
934  .4721E00
935  .4723E00
936  .4697E00
937  .4736E00
938  .4736E00
939  .4738E00
940  .4738E00
941  .4736E00
942  .4737E00
943  .4739E00
944  .4734E00
945  .4733E00
946  .4733E00
947  .4733E00
948  .4729E00
949  .4729E00
950  .4746E00
951  .4708E00
952  .4705E00
953  .4709E00
954  .4703E00
955  .4705E00
956  .4704E00
957  .4702E00
958  .4701E00
959  .4698E00
960  .4696E00
961  .4695E00
962  .4694E00
963  .4695E00
964  .4693E00
965  .4696E00
966  .4694E00
967  .4699E00
968  .4695E00
969  .4697E00
970  .4694E00
971  .4695E00
972  .4700E00
973  .4697E00
974  .4698E00
975  .4697E00
976  .4698E00
977  .4696E00
978  .4700E00
979  .4699E00
980  .4704E00
981  .4708E00
982  .4710E00
983  .4710E00
984  .4709E00
985  .4709E00
986  .4710E00
987  .4712E00
988  .4719E00
989  .4718E00
990  .4715E00
991  .4718E00
992  .4719E00
993  .4719E00
994  .4723E00
995  .4727E00
996  .4727E00
997  .4728E00
998  .4732E00
999  .4734E00
1000  .4733E00
1001  .4735E00
1002  .4738E00
1003  .4735E00
1004  .4738E00
1005  .4742E00
1006  .4745E00
1007  .4743E00
1008  .4740E00
1009  .4762E00
1010  .4766E00
1011  .4766E00
1012  .4766E00
1013  .4771E00
1014  .4771E00
1015  .4773E00
1016  .4779E00
1017  .4775E00
1018  .4778E00
1019  .4780E00
1020  .4783E00
1021  .4787E00
1022  .4788E00
1023  .4787E00
1024  .4792E00
1025  .4795E00
1026  .4794E00
1027  .4795E00
1028  .4798E00
1029  .4798E00
1030  .4800E00
1031  .4803E00
1032  .4803E00
1033  .4805E00
1034  .4805E00
1035  .4806E00
1036  .4813E00
1037  .4809E00
1038  .4813E00
1039  .4814E00
1040  .4815E00
1041  .4818E00
1042  .4818E00
1043  .4817E00
1044  .4822E00
1045  .4824E00
1046  .4810E00
1047  .4817E00
1048  .4820E00
1049  .4829E00
1050  .4832E00
1051  .4825E00
1052  .4827E00
1053  .4830E00
1054  .4838E00
1055  .4837E00
1056  .4850E00
1057  .4847E00
1058  .4848E00
1059  .4849E00
1060  .4850E00
1061  .4849E00
1062  .4851E00
1063  .4851E00
1064  .4849E00
1065  .4841E00
1066  .4851E00
1067  .4850E00
1068  .4853E00
1069  .4856E00
1070  .4853E00
1071  .4850E00
1072  .4853E00
1073  .4853E00
1074  .4849E00
1075  .4855E00
